img,original_class,predicted_class,num_iterations,confidence
0,0,4,3,0.5593801736831665
1,0,6,10,0.6219669580459595
2,0,5,9,0.2724915146827698
3,0,4,4,0.5492678284645081
4,0,2,4,0.46461936831474304
5,0,6,6,0.4881635904312134
6,0,6,8,0.5423374176025391
7,0,6,8,0.5439701080322266
8,0,4,4,0.4086301922798157
9,0,6,5,0.4548552930355072
10,0,6,10,0.5547109246253967
11,0,4,5,0.5456205606460571
12,0,6,6,0.6172889471054077
13,0,6,8,0.5396773219108582
14,0,6,9,0.5531259179115295
15,0,6,6,0.5598303079605103
16,0,6,11,0.4547940492630005
17,0,6,8,0.5351221561431885
18,0,6,6,0.7302681803703308
19,0,6,2,0.5439292192459106
20,1,4,3,0.5797473788261414
21,1,8,4,0.3790050745010376
22,1,7,5,0.5159381031990051
23,1,7,8,0.6245260834693909
24,1,7,5,0.48015305399894714
25,1,2,0,0.5656371116638184
26,1,4,4,0.7700150609016418
27,1,7,8,0.30258601903915405
28,1,7,8,0.7333816289901733
29,1,4,9,0.5816102027893066
30,1,8,7,0.20782144367694855
31,1,9,7,0.7180851697921753
32,1,4,9,0.6573665738105774
33,1,9,2,0.7974298596382141
34,1,7,5,0.5729184746742249
35,1,4,9,0.530884325504303
36,1,4,4,0.6934475302696228
37,1,7,7,0.21864205598831177
38,1,7,7,0.45877283811569214
39,1,7,7,0.41348937153816223
40,2,6,3,0.6943278908729553
41,2,8,4,0.8577449917793274
42,2,8,7,0.18784677982330322
43,2,6,11,0.40040072798728943
44,2,6,11,0.4084920883178711
45,2,6,8,0.46789228916168213
46,2,7,11,0.20230504870414734
47,2,8,11,0.4018554091453552
48,2,6,5,0.5983403921127319
49,2,6,4,0.4191126823425293
50,2,6,4,0.5461699366569519
51,2,8,4,0.4494815766811371
52,2,1,5,0.4842377305030823
53,2,7,3,0.6419414281845093
54,2,6,8,0.6166681051254272
55,2,7,5,0.8343134522438049
56,2,5,5,0.27741673588752747
57,2,7,8,0.26031962037086487
58,2,7,7,0.437559574842453
59,2,1,2,0.8389090299606323
60,3,7,5,0.7203751802444458
61,3,9,5,0.3825213313102722
62,3,7,7,0.8216328620910645
63,3,7,9,0.6512315273284912
64,3,9,5,0.5892664194107056
65,3,5,7,0.4540204405784607
66,3,9,4,0.7216029763221741
67,3,5,9,0.6650278568267822
68,3,7,6,0.599601149559021
69,3,7,6,0.6695870757102966
70,3,8,13,0.45861026644706726
71,3,5,7,0.7583248615264893
72,3,9,10,0.41415148973464966
73,3,7,6,0.4947889447212219
74,3,5,8,0.2568129897117615
75,3,6,4,0.5420217514038086
76,3,9,4,0.3989311158657074
77,3,9,4,0.7713947892189026
78,3,7,4,0.785805881023407
79,3,7,5,0.6110523343086243
80,4,6,1,0.49393942952156067
81,4,6,6,0.7794904708862305
82,4,1,4,0.949066698551178
83,4,9,1,0.7207496166229248
84,4,6,2,0.7910822033882141
85,4,6,2,0.6218628287315369
86,4,7,3,0.5025432109832764
87,4,6,8,0.628768801689148
88,4,6,4,0.7090750932693481
89,4,6,8,0.5203422904014587
90,4,6,8,0.5160530209541321
91,4,6,2,0.5515946745872498
92,4,6,5,0.6528101563453674
93,4,6,6,0.577215313911438
94,4,0,4,0.509054958820343
95,4,6,6,0.6113401055335999
96,4,6,4,0.6143775582313538
97,4,1,7,0.3777458071708679
98,4,6,7,0.7713927030563354
99,4,6,2,0.8853672742843628
100,5,3,1,0.541935384273529
101,5,9,3,0.6099283695220947
102,5,5,99,0.4332607686519623
103,5,6,5,0.7040626406669617
104,5,5,99,0.4332607686519623
105,5,5,99,0.4332607686519623
106,5,3,2,0.6722602844238281
107,5,6,5,0.5894582867622375
108,5,6,9,0.4305036962032318
109,5,3,3,0.48642265796661377
110,5,3,2,0.7318461537361145
111,5,3,10,0.7000640630722046
112,5,6,2,0.4869505763053894
113,5,6,10,0.37874355912208557
114,5,3,10,0.7730051875114441
115,5,9,5,0.659713089466095
116,5,6,2,0.7286190986633301
117,5,3,3,0.5170382261276245
118,5,6,16,0.8135935664176941
119,5,5,99,0.4332607686519623
120,6,4,5,0.47891756892204285
121,6,0,10,0.4510103762149811
122,6,2,5,0.51558917760849
123,6,5,17,0.3493807017803192
124,6,4,6,0.4649806022644043
125,6,8,3,0.5185016989707947
126,6,3,4,0.35075005888938904
127,6,5,12,0.2534877359867096
128,6,5,13,0.3572158217430115
129,6,4,3,0.8713089823722839
130,6,4,17,0.7068793773651123
131,6,4,11,0.6732103824615479
132,6,4,8,0.8484401702880859
133,6,5,16,0.26912233233451843
134,6,4,6,0.49731406569480896
135,6,0,23,0.4349818229675293
136,6,4,5,0.6407881379127502
137,6,5,2,0.6307002305984497
138,6,5,14,0.3327624499797821
139,6,8,7,0.18626420199871063
140,7,1,5,0.5380370020866394
141,7,3,3,0.7875957489013672
142,7,3,4,0.7346823811531067
143,7,5,13,0.22578981518745422
144,7,6,9,0.34518975019454956
145,7,8,0,0.962701141834259
146,7,1,3,0.5225242376327515
147,7,4,13,0.3228081464767456
148,7,3,7,0.47077590227127075
149,7,8,14,0.29132944345474243
150,7,8,5,0.3367026150226593
151,7,1,6,0.7164916396141052
152,7,1,8,0.6090964674949646
153,7,6,7,0.4185515344142914
154,7,5,11,0.2581516206264496
155,7,4,6,0.7171228528022766
156,7,1,22,0.4182344973087311
157,7,1,3,0.6118281483650208
158,7,2,10,0.2883296608924866
159,7,1,11,0.4892488420009613
160,8,2,4,0.904263973236084
161,8,5,9,0.3541472554206848
162,8,2,3,0.4946768283843994
163,8,1,3,0.6876553297042847
164,8,9,5,0.7800323963165283
165,8,6,11,0.3668190538883209
166,8,9,3,0.8159254789352417
167,8,2,3,0.5959352254867554
168,8,2,2,0.5346965193748474
169,8,2,6,0.8153650164604187
170,8,6,3,0.898356020450592
171,8,2,5,0.7076263427734375
172,8,3,6,0.5918490290641785
173,8,2,2,0.7081093192100525
174,8,2,8,0.5541127324104309
175,8,9,8,0.5491215586662292
176,8,6,8,0.3509967625141144
177,8,3,5,0.5541002750396729
178,8,9,8,0.4837188720703125
179,9,4,4,0.7212201952934265
180,9,5,3,0.522267758846283
181,9,8,2,0.7635730504989624
182,9,3,6,0.4948360323905945
183,9,8,4,0.5213696956634521
184,9,3,8,0.5396251678466797
185,9,8,5,0.48516181111335754
186,9,5,6,0.7651167511940002
187,9,8,8,0.57781583070755
188,9,4,1,0.5790372490882874
189,9,7,4,0.5365581512451172
190,9,3,4,0.6206060647964478
191,9,8,9,0.6012557148933411
192,9,8,6,0.6117933988571167
193,9,4,5,0.5706559419631958
194,9,3,7,0.7505685687065125
195,9,8,5,0.9192435145378113
196,9,5,2,0.8995927572250366
197,9,3,6,0.5582232475280762
198,9,1,6,0.5576241612434387
199,0,6,8,0.5202001929283142
200,0,4,6,0.7147906422615051
201,0,6,9,0.4964982569217682
202,0,6,8,0.45885148644447327
203,0,4,7,0.6043955087661743
204,0,6,6,0.44795462489128113
205,0,6,10,0.450954407453537
206,0,9,5,0.9428640604019165
207,0,6,9,0.5000923871994019
208,0,6,9,0.5069462060928345
209,0,4,4,0.6663022041320801
210,0,4,6,0.5188447833061218
211,0,6,6,0.536662220954895
212,0,4,9,0.5018832683563232
213,0,4,5,0.5133529901504517
214,0,6,8,0.5867272019386292
215,0,6,9,0.5282463431358337
216,0,6,8,0.5664067268371582
217,0,6,3,0.5683091282844543
218,0,6,4,0.48733678460121155
219,1,4,2,0.44752761721611023
220,1,7,7,0.39693212509155273
221,1,7,4,0.42116647958755493
222,1,7,8,0.43854257464408875
223,1,7,15,0.2713660001754761
224,1,4,7,0.3825746476650238
225,1,4,4,0.47224000096321106
226,1,7,7,0.3387521207332611
227,1,4,4,0.8021174073219299
228,1,7,5,0.5519949197769165
229,1,9,2,0.5577787756919861
230,1,9,9,0.3874950408935547
231,1,4,8,0.5940181612968445
232,1,7,4,0.523937463760376
233,1,7,4,0.7473223209381104
234,1,4,4,0.7592994570732117
235,1,4,5,0.7015542387962341
236,1,7,5,0.6712610721588135
237,1,7,3,0.4471776783466339
238,1,4,5,0.8995203375816345
239,2,8,4,0.8462890982627869
240,2,7,3,0.6983391046524048
241,2,8,2,0.7005137801170349
242,2,6,7,0.512511134147644
243,2,6,12,0.521095871925354
244,2,6,4,0.5329222679138184
245,2,1,3,0.6073599457740784
246,2,7,5,0.5121595859527588
247,2,8,3,0.6291286945343018
248,2,8,4,0.9037234783172607
249,2,8,5,0.7504847049713135
250,2,4,4,0.8220076560974121
251,2,6,5,0.5711498260498047
252,2,8,3,0.7568839192390442
253,2,1,6,0.5030896067619324
254,2,7,6,0.6470555663108826
255,2,8,0,0.5562004446983337
256,2,8,3,0.6220973134040833
257,2,7,3,0.8098231554031372
258,2,1,3,0.8505353331565857
259,3,7,4,0.5308453440666199
260,3,8,10,0.27294886112213135
261,3,7,8,0.6609699726104736
262,3,9,7,0.4034285247325897
263,3,5,11,0.2959551215171814
264,3,5,3,0.48640918731689453
265,3,8,5,0.38062992691993713
266,3,5,14,0.3626338243484497
267,3,7,3,0.6295565366744995
268,3,7,5,0.8441765904426575
269,3,8,7,0.37394240498542786
270,3,5,5,0.6821107864379883
271,3,8,2,0.5840293765068054
272,3,7,7,0.8112464547157288
273,3,8,3,0.8668244481086731
274,3,7,9,0.5835108757019043
275,3,8,4,0.7121623754501343
276,3,9,8,0.4254896640777588
277,3,7,13,0.5849276185035706
278,3,9,8,0.49368157982826233
279,4,6,0,0.6470304727554321
280,4,6,8,0.7242100834846497
281,4,1,2,0.7122265100479126
282,4,6,10,0.7035660147666931
283,4,6,7,0.7402871251106262
284,4,6,2,0.7521630525588989
285,4,7,3,0.5359687209129333
286,4,6,1,0.7560352087020874
287,4,5,7,0.7066763639450073
288,4,6,9,0.7246174812316895
289,4,9,2,0.9084834456443787
290,4,6,10,0.5793658494949341
291,4,6,10,0.7127513885498047
292,4,6,9,0.6786284446716309
293,4,6,10,0.5564991235733032
294,4,6,6,0.7488527297973633
295,4,6,8,0.6572311520576477
296,4,6,5,0.6158165335655212
297,4,6,8,0.7403213381767273
298,4,6,11,0.6220017671585083
299,5,9,5,0.8987551927566528
300,5,5,99,0.4332607686519623
301,5,3,4,0.5631082653999329
302,5,3,9,0.4105710983276367
303,5,6,1,0.5063478946685791
304,5,5,99,0.4332607686519623
305,5,5,99,0.4332607686519623
306,5,5,99,0.4332607686519623
307,5,3,2,0.7193893194198608
308,5,6,13,0.5615808367729187
309,5,3,6,0.5175427198410034
310,5,6,10,0.4506097137928009
311,5,8,2,0.35523721575737
312,5,5,99,0.4332607686519623
313,5,3,2,0.8531882166862488
314,5,3,5,0.8195709586143494
315,5,6,1,0.4284430742263794
316,5,9,3,0.8351246118545532
317,5,6,8,0.5470321178436279
318,5,6,5,0.6669210195541382
319,6,5,11,0.28550779819488525
320,6,0,5,0.31029170751571655
321,6,5,10,0.36344391107559204
322,6,4,7,0.5460478067398071
323,6,5,12,0.5070329308509827
324,6,7,2,0.900080680847168
325,6,8,9,0.20719993114471436
326,6,4,6,0.5810357928276062
327,6,0,6,0.7087143063545227
328,6,5,14,0.1802712380886078
329,6,5,15,0.4189693331718445
330,6,5,10,0.36122411489486694
331,6,4,6,0.5623688697814941
332,6,5,12,0.262710303068161
333,6,4,7,0.26330244541168213
334,6,2,4,0.4053541123867035
335,6,5,18,0.3269208073616028
336,6,5,13,0.3186626732349396
337,6,5,9,0.39222490787506104
338,6,5,6,0.4957185685634613
339,7,1,10,0.4762600362300873
340,7,1,3,0.5124706625938416
341,7,8,3,0.6448954343795776
342,7,3,8,0.4595305025577545
343,7,1,20,0.3412220776081085
344,7,6,8,0.3237442374229431
345,7,3,6,0.6722303628921509
346,7,5,16,0.34266459941864014
347,7,1,5,0.6129611134529114
348,7,5,11,0.2579861879348755
349,7,8,10,0.2456500083208084
350,7,1,12,0.44051992893218994
351,7,5,13,0.2472420483827591
352,7,3,3,0.4040742814540863
353,7,5,14,0.3920176923274994
354,7,1,5,0.5673674941062927
355,7,3,6,0.5738370418548584
356,7,1,12,0.3541319668292999
357,7,5,10,0.24593830108642578
358,7,5,3,0.4135482907295227
359,8,2,6,0.5327346920967102
360,8,2,6,0.47299084067344666
361,8,2,10,0.3161633610725403
362,8,7,4,0.5562770366668701
363,8,2,4,0.49081265926361084
364,8,6,7,0.2951160669326782
365,8,6,4,0.6598179936408997
366,8,2,5,0.40300798416137695
367,8,1,9,0.5065523982048035
368,8,2,3,0.666946530342102
369,8,3,3,0.2853991687297821
370,8,6,17,0.31451186537742615
371,8,6,8,0.19130799174308777
372,8,6,7,0.7134093046188354
373,8,2,9,0.4251340925693512
374,8,2,6,0.5944269895553589
375,8,2,4,0.6402766108512878
376,8,3,4,0.47992125153541565
377,8,3,6,0.5946685671806335
378,9,8,6,0.5015766620635986
379,9,3,2,0.8696203231811523
380,9,8,2,0.7522854804992676
381,9,8,1,0.8120598196983337
382,9,4,3,0.6128008365631104
383,9,8,7,0.5129027962684631
384,9,3,1,0.8218302726745605
385,9,3,3,0.8566007614135742
386,9,8,6,0.5673799514770508
387,9,7,3,0.3672892451286316
388,9,8,7,0.7069293856620789
389,9,5,5,0.5506304502487183
390,9,8,7,0.4501897990703583
391,9,1,0,0.5861040353775024
392,9,7,8,0.4033479392528534
393,9,8,2,0.48999863862991333
394,9,8,10,0.4913201630115509
395,9,3,2,0.5886152386665344
396,9,5,6,0.4521560072898865
397,9,5,5,0.7621725797653198
398,0,6,9,0.5952782034873962
399,0,6,2,0.7183829545974731
400,0,4,8,0.6457569599151611
401,0,6,5,0.5510550737380981
402,0,6,8,0.518582284450531
403,0,4,3,0.810259222984314
404,0,4,9,0.51609206199646
405,0,6,7,0.593533992767334
406,0,6,10,0.5462357401847839
407,0,6,2,0.5106102228164673
408,0,6,8,0.7689153552055359
409,0,6,8,0.5560771822929382
410,0,6,10,0.5651410818099976
411,0,4,8,0.7746753692626953
412,0,6,6,0.5620591640472412
413,0,4,7,0.7818083167076111
414,0,6,10,0.49115097522735596
415,0,4,3,0.5397565364837646
416,0,6,12,0.45637252926826477
417,0,6,7,0.4727115035057068
418,1,2,1,0.27376386523246765
419,1,2,2,0.8863212466239929
420,1,7,7,0.5118440389633179
421,1,4,5,0.5665514469146729
422,1,5,4,0.3291178345680237
423,1,9,0,0.33716341853141785
424,1,7,7,0.4294522702693939
425,1,7,5,0.4920732080936432
426,1,7,4,0.5639358758926392
427,1,7,6,0.379640132188797
428,1,7,4,0.558971643447876
429,1,7,5,0.44349291920661926
430,1,7,13,0.23610758781433105
431,1,2,2,0.659449577331543
432,1,7,7,0.5917664766311646
433,1,4,4,0.3540845215320587
434,1,4,5,0.5575749278068542
435,1,7,2,0.543448805809021
436,1,7,5,0.8292262554168701
437,1,2,2,0.4641963839530945
438,1,7,2,0.7459238171577454
439,2,7,4,0.5847647190093994
440,2,0,1,0.28414928913116455
441,2,6,7,0.43647274374961853
442,2,7,9,0.5179190039634705
443,2,8,11,0.23379425704479218
444,2,1,6,0.4578273892402649
445,2,8,1,0.8196852207183838
446,2,6,12,0.26703113317489624
447,2,6,4,0.609752893447876
448,2,6,7,0.43526872992515564
449,2,6,8,0.4727206826210022
450,2,6,11,0.331051766872406
451,2,8,5,0.9042854905128479
452,2,6,3,0.6065983772277832
453,2,1,7,0.3825210928916931
454,2,9,2,0.4138834476470947
455,2,4,9,0.3526668846607208
456,2,1,7,0.8096835017204285
457,2,8,6,0.4879865050315857
458,3,9,3,0.8556748032569885
459,3,5,2,0.5134567618370056
460,3,5,5,0.39567068219184875
461,3,8,0,0.46812498569488525
462,3,7,8,0.6332573890686035
463,3,5,8,0.3780815899372101
464,3,7,11,0.46549472212791443
465,3,9,1,0.8051666617393494
466,3,8,16,0.4381031095981598
467,3,9,3,0.5804832577705383
468,3,7,2,0.6671044826507568
469,3,5,7,0.4105262756347656
470,3,7,4,0.6083067059516907
471,3,9,6,0.5157696604728699
472,3,8,4,0.7656677961349487
473,3,8,7,0.7036935091018677
474,3,8,7,0.5595811009407043
475,3,9,3,0.3390502631664276
476,3,7,5,0.47506988048553467
477,3,9,3,0.6730999946594238
478,4,9,6,0.5024163722991943
479,4,6,5,0.7345561981201172
480,4,7,5,0.8468732237815857
481,4,7,4,0.5695985555648804
482,4,6,6,0.7225052714347839
483,4,9,12,0.5103076100349426
484,4,7,4,0.6808436512947083
485,4,6,3,0.540956974029541
486,4,6,3,0.5519124865531921
487,4,1,3,0.8895606994628906
488,4,9,6,0.9326192736625671
489,4,7,1,0.5180167555809021
490,4,6,2,0.5061479210853577
491,4,6,5,0.5529489517211914
492,4,1,6,0.48220694065093994
493,4,0,2,0.46595513820648193
494,4,2,5,0.8512095808982849
495,4,7,5,0.4922246038913727
496,4,6,7,0.6207636594772339
497,4,7,6,0.5233612656593323
498,5,6,7,0.6752819418907166
499,5,6,3,0.5235174298286438
500,5,6,8,0.818604052066803
501,5,6,8,0.6838498711585999
502,5,3,6,0.5886896252632141
503,5,9,1,0.4565492570400238
504,5,5,99,0.4332607686519623
505,5,6,8,0.741293728351593
506,5,9,3,0.5348725318908691
507,5,5,99,0.4332607686519623
508,5,6,1,0.49545833468437195
509,5,3,2,0.7163329720497131
510,5,6,8,0.4897627830505371
511,5,6,4,0.6037383675575256
512,5,6,5,0.4504488408565521
513,5,8,0,0.843859076499939
514,5,9,3,0.869253933429718
515,5,3,3,0.8047754168510437
516,5,6,1,0.7351876497268677
517,5,6,3,0.5230376124382019
518,6,5,4,0.3960171043872833
519,6,0,12,0.704101026058197
520,6,0,5,0.8015100359916687
521,6,5,10,0.3477614223957062
522,6,4,9,0.6859220862388611
523,6,0,6,0.4602673053741455
524,6,0,5,0.4593796133995056
525,6,8,4,0.5929189920425415
526,6,4,22,0.6354990601539612
527,6,5,3,0.5813924074172974
528,6,4,21,0.5201942920684814
529,6,4,6,0.5952644944190979
530,6,5,14,0.32122063636779785
531,6,4,8,0.5451533198356628
532,6,0,12,0.3374699652194977
533,6,0,7,0.4434061646461487
534,6,4,13,0.5685354471206665
535,6,4,13,0.5359537601470947
536,6,4,2,0.5401947498321533
537,6,2,5,0.6871716380119324
538,7,1,13,0.49776437878608704
539,7,3,1,0.5576810240745544
540,7,9,6,0.3592677712440491
541,7,1,7,0.5210175514221191
542,7,4,10,0.5875389575958252
543,7,3,3,0.8714153170585632
544,7,1,5,0.5245487689971924
545,7,2,0,0.7936687469482422
546,7,1,5,0.7568812966346741
547,7,5,11,0.21934200823307037
548,7,1,12,0.35194337368011475
549,7,2,9,0.6689451336860657
550,7,4,7,0.561245858669281
551,7,1,7,0.5513443350791931
552,7,4,6,0.2960153818130493
553,7,3,2,0.6622008681297302
554,7,1,6,0.8035232424736023
555,7,6,7,0.23853516578674316
556,7,1,9,0.6087073087692261
557,7,5,9,0.26613491773605347
558,8,3,8,0.7233029007911682
559,8,3,6,0.24553759396076202
560,8,2,3,0.7375898957252502
561,8,6,5,0.3744325637817383
562,8,2,1,0.4872666895389557
563,8,9,6,0.4404368996620178
564,8,6,3,0.795893132686615
565,8,6,7,0.508611261844635
566,8,9,3,0.6565921306610107
567,8,9,2,0.8426692485809326
568,8,2,4,0.8090929985046387
569,8,2,4,0.8203610181808472
570,8,9,3,0.5235451459884644
571,8,2,9,0.2893207371234894
572,8,3,4,0.3846445381641388
573,8,2,2,0.5585983991622925
574,8,6,3,0.3915601670742035
575,8,6,10,0.29348674416542053
576,8,2,2,0.4768795967102051
577,8,6,5,0.5204657316207886
578,9,3,7,0.7539024949073792
579,9,8,11,0.4837546646595001
580,9,8,0,0.5350660085678101
581,9,8,3,0.7748346328735352
582,9,4,4,0.5644751191139221
583,9,3,6,0.6697965264320374
584,9,8,3,0.6931174993515015
585,9,4,6,0.46527472138404846
586,9,8,2,0.6667207479476929
587,9,3,1,0.5468204617500305
588,9,5,3,0.6585614085197449
589,9,8,3,0.6648516654968262
590,9,5,5,0.562625527381897
591,9,4,3,0.5253690481185913
592,9,4,3,0.7850219011306763
593,9,3,4,0.9162346124649048
594,9,5,4,0.6794370412826538
595,9,3,4,0.8231990933418274
596,9,3,3,0.6302489638328552
597,0,6,8,0.7883159518241882
598,0,6,11,0.4981062412261963
599,0,4,5,0.7117400765419006
600,0,6,9,0.4788123667240143
601,0,6,7,0.5400283336639404
602,0,6,13,0.5326743721961975
603,0,6,9,0.5844613313674927
604,0,4,7,0.7511311769485474
605,0,6,12,0.42286622524261475
606,0,6,10,0.5259020328521729
607,0,6,9,0.5417249798774719
608,0,6,6,0.7424181699752808
609,0,6,5,0.555084228515625
610,0,4,2,0.8705887198448181
611,0,6,8,0.5046327710151672
612,0,6,9,0.5140455961227417
613,0,6,12,0.5021100044250488
614,0,6,5,0.4726696312427521
615,0,6,5,0.4649346172809601
616,0,6,10,0.47420623898506165
617,1,4,1,0.6937346458435059
618,1,2,2,0.9599807858467102
619,1,9,5,0.40173667669296265
620,1,7,5,0.6393755078315735
621,1,4,2,0.5431891083717346
622,1,4,7,0.8270484209060669
623,1,8,8,0.724069356918335
624,1,7,5,0.6202515363693237
625,1,7,6,0.7472583055496216
626,1,4,4,0.6395147442817688
627,1,9,2,0.5430779457092285
628,1,7,2,0.5893773436546326
629,1,4,8,0.463728129863739
630,1,4,4,0.6914575695991516
631,1,7,8,0.22633077204227448
632,1,9,3,0.6293180584907532
633,1,2,1,0.8748242855072021
634,1,4,4,0.8512856364250183
635,1,7,9,0.21804694831371307
636,1,7,2,0.6328166723251343
637,1,8,1,0.3403910994529724
638,2,1,5,0.5854142308235168
639,2,3,4,0.7169472575187683
640,2,6,2,0.609869658946991
641,2,1,6,0.8117582201957703
642,2,8,15,0.365057110786438
643,2,6,13,0.47811341285705566
644,2,4,6,0.4253450930118561
645,2,1,4,0.6251401305198669
646,2,6,3,0.44268518686294556
647,2,8,4,0.45383337140083313
648,2,6,9,0.5715927481651306
649,2,8,8,0.8332312107086182
650,2,8,4,0.7891340851783752
651,2,6,2,0.513131856918335
652,2,7,5,0.7003583312034607
653,2,8,5,0.6833453178405762
654,2,6,6,0.7144368290901184
655,2,6,12,0.504356324672699
656,2,6,5,0.37215089797973633
657,2,8,4,0.8163462281227112
658,3,5,4,0.6747615337371826
659,3,9,5,0.6009687185287476
660,3,9,3,0.8076876401901245
661,3,5,5,0.6718524694442749
662,3,9,3,0.4587041437625885
663,3,7,5,0.642338216304779
664,3,9,3,0.8493831157684326
665,3,9,13,0.6052759885787964
666,3,8,2,0.9020569920539856
667,3,7,9,0.4147825837135315
668,3,8,4,0.8978819251060486
669,3,9,5,0.6987042427062988
670,3,9,6,0.6088463068008423
671,3,9,2,0.5640037655830383
672,3,8,2,0.49886947870254517
673,3,5,9,0.4391568899154663
674,3,9,6,0.6114795804023743
675,3,7,5,0.578792929649353
676,3,5,4,0.38082918524742126
677,4,9,10,0.7623763680458069
678,4,6,4,0.6330937743186951
679,4,9,5,0.7120913863182068
680,4,1,8,0.4076251983642578
681,4,6,5,0.526752233505249
682,4,6,1,0.35400593280792236
683,4,6,6,0.5029651522636414
684,4,6,3,0.7831868529319763
685,4,6,5,0.6372864842414856
686,4,1,3,0.7609640955924988
687,4,5,7,0.6391953825950623
688,4,6,3,0.6193093657493591
689,4,7,2,0.7514573931694031
690,4,6,10,0.686847984790802
691,4,6,2,0.7353681921958923
692,4,9,3,0.6436287760734558
693,4,6,6,0.6543238162994385
694,4,9,4,0.6996468901634216
695,4,6,6,0.710708737373352
696,4,2,2,0.5998005867004395
697,4,6,1,0.849208414554596
698,5,5,99,0.4332607686519623
699,5,3,4,0.7967381477355957
700,5,5,99,0.4332607686519623
701,5,6,12,0.5568493604660034
702,5,3,8,0.4810881018638611
703,5,6,3,0.5237811803817749
704,5,7,8,0.22348840534687042
705,5,9,2,0.8254809379577637
706,5,6,2,0.8084334135055542
707,5,3,4,0.7105973362922668
708,5,6,5,0.7219447493553162
709,5,6,4,0.5403537750244141
710,5,6,3,0.5096669793128967
711,5,3,7,0.7806859612464905
712,5,0,1,0.6046474575996399
713,5,6,8,0.6407773494720459
714,5,3,3,0.7678566575050354
715,5,6,2,0.7116119861602783
716,5,3,6,0.7556887269020081
717,6,5,8,0.36715760827064514
718,6,5,14,0.3252357840538025
719,6,4,4,0.7650508284568787
720,6,2,11,0.47995081543922424
721,6,5,14,0.35332608222961426
722,6,5,5,0.631941020488739
723,6,4,11,0.6959234476089478
724,6,5,8,0.25492700934410095
725,6,5,9,0.29699844121932983
726,6,5,8,0.28748205304145813
727,6,5,20,0.3219793438911438
728,6,0,11,0.5944973826408386
729,6,5,21,0.4032670557498932
730,6,4,13,0.6505139470100403
731,6,4,10,0.7082809209823608
732,6,4,5,0.5751833915710449
733,6,4,6,0.8688825964927673
734,6,4,10,0.7330484986305237
735,6,0,7,0.5684579610824585
736,6,5,14,0.2758180499076843
737,6,4,14,0.8763357996940613
738,7,4,2,0.9373579025268555
739,7,5,9,0.2580912709236145
740,7,6,4,0.45682260394096375
741,7,1,8,0.6046372056007385
742,7,1,8,0.8288587331771851
743,7,5,15,0.31469962000846863
744,7,6,10,0.3492419123649597
745,7,1,7,0.5149301290512085
746,7,5,18,0.23618178069591522
747,7,1,8,0.47272196412086487
748,7,2,2,0.5126931667327881
749,7,3,1,0.6508879661560059
750,7,1,4,0.8168033361434937
751,7,4,11,0.3429809808731079
752,7,1,5,0.6751565337181091
753,7,3,4,0.4586511254310608
754,7,9,13,0.40735283493995667
755,7,1,3,0.5001423358917236
756,7,9,7,0.33322423696517944
757,8,2,4,0.7717318534851074
758,8,9,5,0.38445845246315
759,8,3,11,0.34176895022392273
760,8,2,7,0.5536989569664001
761,8,3,4,0.5235756635665894
762,8,9,4,0.7872759699821472
763,8,6,2,0.7576423287391663
764,8,2,5,0.5466366410255432
765,8,2,6,0.5322919487953186
766,8,3,8,0.5610470175743103
767,8,9,5,0.7813095450401306
768,8,9,9,0.8333035111427307
769,8,2,5,0.5357891917228699
770,8,2,3,0.6309913396835327
771,8,3,5,0.3303603529930115
772,8,5,6,0.32986852526664734
773,8,9,6,0.38872772455215454
774,8,2,5,0.7025492191314697
775,8,6,9,0.3324965238571167
776,8,5,11,0.3295951187610626
777,9,5,9,0.5777250528335571
778,9,8,8,0.49840566515922546
779,9,4,3,0.4211620092391968
780,9,5,6,0.23219263553619385
781,9,5,4,0.6163715124130249
782,9,8,11,0.5745977163314819
783,9,3,6,0.5320223569869995
784,9,4,8,0.4378025233745575
785,9,8,3,0.5540720224380493
786,9,3,0,0.7471404671669006
787,9,8,7,0.5120369791984558
788,9,3,4,0.46190744638442993
789,9,4,5,0.5494939684867859
790,9,3,4,0.632848858833313
791,9,8,6,0.5845406651496887
792,9,8,7,0.6900579333305359
793,9,0,2,0.4900180995464325
794,9,4,2,0.7319364547729492
795,9,5,3,0.39429837465286255
796,0,6,7,0.6002716422080994
797,0,6,8,0.6340489387512207
798,0,6,10,0.5116768479347229
799,0,4,6,0.7139183282852173
800,0,6,5,0.6694796681404114
801,0,6,9,0.44676023721694946
802,0,6,9,0.528150737285614
803,0,6,15,0.45346689224243164
804,0,6,3,0.5882319211959839
805,0,6,6,0.5505812764167786
806,0,6,8,0.5839235186576843
807,0,1,6,0.21047499775886536
808,0,6,10,0.5146266222000122
809,0,6,10,0.5229268670082092
810,0,4,7,0.5937774777412415
811,0,6,7,0.5749653577804565
812,0,4,11,0.6953034400939941
813,0,6,8,0.5238915085792542
814,0,4,8,0.8087116479873657
815,0,6,10,0.4607801139354706
816,0,6,12,0.5443795323371887
817,0,6,5,0.5550199151039124
818,0,6,9,0.6024808883666992
819,0,6,8,0.4766741991043091
820,0,6,10,0.5373210310935974
821,0,6,8,0.5105364322662354
822,0,6,8,0.4947679340839386
823,0,6,9,0.645214319229126
824,0,6,7,0.5253921151161194
825,0,4,7,0.46351754665374756
826,0,4,9,0.6141240000724792
827,0,6,6,0.4755691587924957
828,0,6,7,0.5506998300552368
829,0,6,1,0.5760525465011597
830,0,6,9,0.548934280872345
831,0,6,6,0.5314474105834961
832,0,6,7,0.5620776414871216
833,0,4,6,0.6015856862068176
834,0,6,5,0.4803597033023834
835,0,6,9,0.7638912200927734
836,0,6,5,0.6013332009315491
837,1,7,3,0.4510593116283417
838,1,7,2,0.8029113411903381
839,1,8,6,0.265634149312973
840,1,4,3,0.3564891517162323
841,1,7,5,0.4898338317871094
842,1,8,7,0.4917166829109192
843,1,2,2,0.37993907928466797
844,1,4,7,0.5827704071998596
845,1,7,9,0.5428637266159058
846,1,7,4,0.6393083333969116
847,1,7,2,0.5272935032844543
848,1,7,9,0.6391680836677551
849,1,7,5,0.45755118131637573
850,1,5,5,0.2105530947446823
851,1,9,4,0.5838236212730408
852,1,7,9,0.5475286245346069
853,1,5,6,0.3344234228134155
854,1,7,4,0.5980977416038513
855,1,7,5,0.6754814386367798
856,1,7,12,0.4824160933494568
857,1,7,4,0.6252003312110901
858,1,7,3,0.9049763083457947
859,1,7,4,0.6270971894264221
860,1,4,6,0.5916315913200378
861,1,9,8,0.4648527503013611
862,1,4,6,0.9295164346694946
863,1,3,2,0.4569673538208008
864,1,7,5,0.567479133605957
865,1,9,1,0.3709929287433624
866,1,8,3,0.2582937479019165
867,1,7,4,0.6698703169822693
868,1,7,8,0.2480146437883377
869,1,9,2,0.7415000200271606
870,1,7,1,0.4769647419452667
871,1,3,0,0.4283422827720642
872,1,0,22,0.282694935798645
873,1,7,3,0.6258981227874756
874,1,3,6,0.31381386518478394
875,1,4,5,0.775267481803894
876,1,7,2,0.7194831371307373
877,2,8,7,0.6717941761016846
878,2,4,1,0.7690721750259399
879,2,8,6,0.6889668107032776
880,2,7,4,0.5375159382820129
881,2,6,5,0.5824751257896423
882,2,8,10,0.7928236126899719
883,2,7,2,0.6685531735420227
884,2,6,5,0.5641074180603027
885,2,8,4,0.8792750835418701
886,2,7,5,0.541671633720398
887,2,4,6,0.40665316581726074
888,2,8,3,0.5025351047515869
889,2,7,6,0.7188918590545654
890,2,6,11,0.3376169502735138
891,2,8,6,0.8338398337364197
892,2,6,11,0.3936867117881775
893,2,7,1,0.7176328301429749
894,2,4,3,0.6237040758132935
895,2,8,5,0.4201301336288452
896,2,6,10,0.43526631593704224
897,2,8,3,0.6147658824920654
898,2,1,6,0.7013567090034485
899,2,7,9,0.5264831185340881
900,2,8,7,0.8231937885284424
901,2,1,1,0.6427775025367737
902,2,4,10,0.5343206524848938
903,2,6,10,0.44902437925338745
904,2,1,4,0.5973570942878723
905,2,5,11,0.20329701900482178
906,2,7,4,0.4027513861656189
907,2,6,3,0.4560356140136719
908,2,8,2,0.6456692814826965
909,2,1,9,0.47747862339019775
910,2,7,2,0.6699380874633789
911,2,6,4,0.5409113764762878
912,2,1,4,0.6838340163230896
913,2,7,5,0.5601117610931396
914,2,3,7,0.8859848976135254
915,2,6,5,0.4122209846973419
916,2,8,6,0.29320207238197327
917,3,9,6,0.5012500286102295
918,3,7,4,0.6703354716300964
919,3,7,4,0.5901981592178345
920,3,9,7,0.625889003276825
921,3,9,3,0.7311354279518127
922,3,9,8,0.6292921900749207
923,3,5,11,0.4660062789916992
924,3,2,9,0.3668273389339447
925,3,8,9,0.7867937088012695
926,3,9,4,0.6629095077514648
927,3,9,7,0.4328966438770294
928,3,5,12,0.4250008761882782
929,3,9,9,0.5219138264656067
930,3,8,5,0.4735686182975769
931,3,5,7,0.3778162896633148
932,3,7,6,0.5714192986488342
933,3,8,1,0.5709301829338074
934,3,9,10,0.7558018565177917
935,3,2,4,0.5051886439323425
936,3,7,6,0.7740079164505005
937,3,7,4,0.8142182230949402
938,3,9,6,0.7049053311347961
939,3,7,7,0.5193480253219604
940,3,8,11,0.4343421161174774
941,3,9,2,0.5777880549430847
942,3,7,7,0.6502723693847656
943,3,5,3,0.8531042337417603
944,3,5,2,0.5848920941352844
945,3,2,8,0.8566988110542297
946,3,5,14,0.24075095355510712
947,3,5,4,0.4266129434108734
948,3,8,2,0.43316230177879333
949,3,8,4,0.4613611102104187
950,3,5,12,0.3188222348690033
951,3,7,3,0.7798036336898804
952,3,7,5,0.7851592302322388
953,3,9,9,0.5847741365432739
954,3,9,7,0.6929863095283508
955,3,5,4,0.41500699520111084
956,3,9,4,0.7451499700546265
957,4,6,4,0.6306982040405273
958,4,6,7,0.6599395275115967
959,4,6,7,0.6833562254905701
960,4,9,2,0.9307029247283936
961,4,6,8,0.6383879780769348
962,4,6,9,0.7565258145332336
963,4,6,7,0.7301357984542847
964,4,1,3,0.6730615496635437
965,4,6,9,0.6305915117263794
966,4,6,7,0.5631183385848999
967,4,7,0,0.9784100651741028
968,4,6,7,0.7001136541366577
969,4,6,6,0.8261152505874634
970,4,6,10,0.6367044448852539
971,4,6,5,0.47707489132881165
972,4,6,9,0.511208713054657
973,4,6,8,0.5676372647285461
974,4,6,10,0.6142041087150574
975,4,6,6,0.7515721321105957
976,4,6,6,0.5298739075660706
977,4,6,11,0.6579709053039551
978,4,6,6,0.6249222755432129
979,4,6,3,0.6102294325828552
980,4,7,3,0.5734269022941589
981,4,9,0,0.7189989686012268
982,4,9,4,0.8884191513061523
983,4,6,6,0.5911977291107178
984,4,6,5,0.6027437448501587
985,4,7,2,0.4609020948410034
986,4,9,0,0.7967270016670227
987,4,6,2,0.6902415156364441
988,4,1,11,0.3983151912689209
989,4,6,3,0.5208076238632202
990,4,7,5,0.9509217143058777
991,4,7,8,0.587733268737793
992,4,6,6,0.8105846643447876
993,4,6,4,0.5531234741210938
994,4,6,5,0.6699119806289673
995,4,0,7,0.512770414352417
996,4,6,2,0.7957056760787964
997,5,6,1,0.5955102443695068
998,5,3,2,0.8803992867469788
999,5,6,3,0.6318624019622803
1000,5,3,9,0.8232911825180054
1001,5,9,4,0.5299699902534485
1002,5,3,0,0.5966364145278931
1003,5,3,5,0.6217896938323975
1004,5,6,4,0.6355952024459839
1005,5,6,9,0.5239208340644836
1006,5,3,5,0.6323409080505371
1007,5,3,1,0.5524828433990479
1008,5,6,4,0.6723892688751221
1009,5,3,6,0.6658726930618286
1010,5,6,0,0.7426459789276123
1011,5,6,14,0.6009632349014282
1012,5,6,9,0.6134437918663025
1013,5,6,6,0.47437170147895813
1014,5,9,3,0.5996357202529907
1015,5,6,2,0.8012080788612366
1016,5,6,4,0.5187601447105408
1017,5,9,8,0.6041789650917053
1018,5,5,99,0.4332607686519623
1019,5,9,3,0.5994254946708679
1020,5,9,3,0.7719398736953735
1021,5,6,13,0.34012848138809204
1022,5,3,8,0.5016804933547974
1023,5,3,9,0.3854486048221588
1024,5,9,5,0.8296374678611755
1025,5,6,3,0.6394434571266174
1026,5,6,4,0.5715115070343018
1027,5,5,99,0.4332607686519623
1028,5,3,8,0.519463300704956
1029,5,6,1,0.9188302755355835
1030,5,6,12,0.8041099309921265
1031,5,3,6,0.6645722389221191
1032,5,6,9,0.5370186567306519
1033,5,3,9,0.6040806770324707
1034,5,3,0,0.5584096312522888
1035,5,3,12,0.7258774638175964
1036,5,6,13,0.45957016944885254
1037,6,5,12,0.3013257682323456
1038,6,5,18,0.30245718359947205
1039,6,8,20,0.20905078947544098
1040,6,4,5,0.7371939420700073
1041,6,2,12,0.35305219888687134
1042,6,4,13,0.6886651515960693
1043,6,4,3,0.5990081429481506
1044,6,4,8,0.7580228447914124
1045,6,5,10,0.3368334472179413
1046,6,0,4,0.615021288394928
1047,6,4,9,0.7197099924087524
1048,6,5,15,0.33715224266052246
1049,6,0,7,0.5540303587913513
1050,6,4,7,0.6202961206436157
1051,6,0,11,0.5820279121398926
1052,6,8,4,0.5505238175392151
1053,6,4,6,0.5479208827018738
1054,6,4,5,0.5772907137870789
1055,6,5,14,0.29458582401275635
1056,6,5,17,0.5019145011901855
1057,6,5,10,0.43256622552871704
1058,6,5,9,0.5385106801986694
1059,6,4,9,0.8374077081680298
1060,6,5,8,0.4624423086643219
1061,6,4,7,0.7346649765968323
1062,6,4,16,0.6263630986213684
1063,6,4,6,0.7964422106742859
1064,6,5,14,0.40462207794189453
1065,6,4,22,0.5145695209503174
1066,6,4,7,0.5484163165092468
1067,6,4,7,0.7306756377220154
1068,6,2,7,0.5613669157028198
1069,6,2,9,0.5415075421333313
1070,6,4,12,0.6505939960479736
1071,6,4,8,0.5774902105331421
1072,6,5,14,0.42287570238113403
1073,6,4,4,0.44243812561035156
1074,6,8,23,0.348838746547699
1075,6,5,7,0.6412315964698792
1076,6,5,7,0.28587067127227783
1077,7,5,12,0.37987542152404785
1078,7,1,2,0.38881415128707886
1079,7,4,9,0.4201832711696625
1080,7,5,15,0.26294395327568054
1081,7,3,7,0.6271981000900269
1082,7,8,4,0.49755623936653137
1083,7,3,11,0.25743424892425537
1084,7,8,8,0.24045391380786896
1085,7,1,13,0.5037733912467957
1086,7,3,7,0.3199111521244049
1087,7,8,3,0.6613817811012268
1088,7,5,14,0.3516254723072052
1089,7,3,10,0.3987866938114166
1090,7,3,8,0.37639275193214417
1091,7,1,20,0.3864732086658478
1092,7,2,18,0.1868147999048233
1093,7,1,9,0.5889117121696472
1094,7,9,2,0.4245826303958893
1095,7,3,3,0.3778013586997986
1096,7,3,6,0.5137374401092529
1097,7,5,15,0.356892466545105
1098,7,6,8,0.5559669733047485
1099,7,1,10,0.36537933349609375
1100,7,1,5,0.7783404588699341
1101,7,1,7,0.7011939883232117
1102,7,5,15,0.2943221628665924
1103,7,1,7,0.6221489310264587
1104,7,9,11,0.7900207042694092
1105,7,5,11,0.23420383036136627
1106,7,1,6,0.39690497517585754
1107,7,8,7,0.595761775970459
1108,7,4,11,0.5669409036636353
1109,7,2,6,0.2503887712955475
1110,7,6,3,0.6118804812431335
1111,7,6,0,0.8714922666549683
1112,7,1,6,0.4550051689147949
1113,7,2,3,0.6197087168693542
1114,7,6,8,0.6243782639503479
1115,7,1,4,0.7456995248794556
1116,8,6,11,0.3674470782279968
1117,8,9,6,0.7011222243309021
1118,8,2,5,0.35487252473831177
1119,8,2,12,0.2578370273113251
1120,8,9,4,0.723379909992218
1121,8,2,9,0.5001156330108643
1122,8,2,15,0.7444370985031128
1123,8,2,7,0.4600801467895508
1124,8,3,9,0.4255504906177521
1125,8,6,3,0.41030746698379517
1126,8,9,5,0.8231348991394043
1127,8,6,2,0.28296786546707153
1128,8,6,17,0.3484164774417877
1129,8,5,3,0.26291754841804504
1130,8,2,7,0.39812517166137695
1131,8,9,3,0.6149989366531372
1132,8,2,5,0.6365410685539246
1133,8,9,3,0.8918710947036743
1134,8,2,6,0.8293828368186951
1135,8,2,5,0.721333920955658
1136,8,9,6,0.5044386386871338
1137,8,3,10,0.46865448355674744
1138,8,2,7,0.5406847596168518
1139,8,2,5,0.6826154589653015
1140,8,5,15,0.23165160417556763
1141,8,6,1,0.6231292486190796
1142,8,6,6,0.36895090341567993
1143,8,6,8,0.3219296932220459
1144,8,3,3,0.8730953931808472
1145,8,2,5,0.7191393375396729
1146,8,2,3,0.323448121547699
1147,8,6,0,0.4806225001811981
1148,8,5,11,0.3222222924232483
1149,8,6,10,0.5757455229759216
1150,8,3,10,0.4394085109233856
1151,8,3,7,0.43630293011665344
1152,8,2,3,0.5337391495704651
1153,8,6,6,0.5309525728225708
1154,8,3,5,0.5862199068069458
1155,9,4,2,0.33391913771629333
1156,9,1,7,0.5278352499008179
1157,9,5,2,0.7945680618286133
1158,9,3,3,0.5331743955612183
1159,9,8,3,0.6114174127578735
1160,9,8,6,0.5377397537231445
1161,9,4,7,0.5289011597633362
1162,9,4,13,0.5464072227478027
1163,9,3,1,0.650790274143219
1164,9,4,5,0.7547476887702942
1165,9,4,10,0.37285223603248596
1166,9,8,1,0.4859331250190735
1167,9,8,9,0.5856873393058777
1168,9,8,6,0.5961142778396606
1169,9,8,1,0.5011506676673889
1170,9,5,2,0.5769513249397278
1171,9,7,3,0.4505578577518463
1172,9,3,2,0.44282442331314087
1173,9,4,1,0.9503669738769531
1174,9,8,1,0.7661320567131042
1175,9,8,1,0.5603311061859131
1176,9,3,3,0.36085617542266846
1177,9,8,4,0.912660539150238
1178,9,8,4,0.49968042969703674
1179,9,8,3,0.40191709995269775
1180,9,5,2,0.5112230777740479
1181,9,8,13,0.5268421173095703
1182,9,5,6,0.5257624387741089
1183,9,8,6,0.6424686312675476
1184,9,5,2,0.702581524848938
1185,9,8,11,0.5758450627326965
1186,9,1,3,0.5159029364585876
1187,9,8,11,0.5329380631446838
1188,9,8,2,0.7841047048568726
1189,9,8,2,0.7701976299285889
1190,9,5,2,0.696199893951416
1191,9,3,2,0.8587948083877563
1192,9,3,2,0.3553738594055176
1193,9,8,9,0.5795628428459167
1194,9,3,7,0.6222952008247375
1195,0,4,10,0.8109899759292603
1196,0,6,1,0.7371248602867126
1197,0,6,9,0.5419790148735046
1198,0,6,9,0.5931832194328308
1199,0,4,6,0.5685417652130127
1200,0,6,10,0.44112539291381836
1201,0,6,6,0.4786147475242615
1202,0,4,6,0.5908814072608948
1203,0,6,8,0.6820164918899536
1204,0,6,8,0.5677328109741211
1205,0,6,12,0.5553878545761108
1206,0,6,9,0.49508702754974365
1207,0,6,14,0.4701271653175354
1208,0,6,6,0.5113277435302734
1209,0,6,10,0.5130214691162109
1210,0,6,8,0.6696004271507263
1211,0,6,10,0.5430265665054321
1212,0,4,2,0.8083922266960144
1213,0,6,6,0.5310559272766113
1214,0,2,1,0.40988388657569885
1215,0,6,10,0.49710434675216675
1216,0,6,8,0.48621833324432373
1217,0,6,7,0.5331298112869263
1218,0,4,8,0.7131230235099792
1219,0,6,12,0.48304617404937744
1220,0,4,2,0.5355070233345032
1221,0,6,10,0.5945181846618652
1222,0,6,8,0.6550504565238953
1223,0,6,6,0.49813562631607056
1224,0,6,5,0.656337559223175
1225,0,6,9,0.5036613345146179
1226,0,6,9,0.49893808364868164
1227,0,6,4,0.7629266977310181
1228,0,2,7,0.3909517526626587
1229,0,6,3,0.5235996842384338
1230,0,6,6,0.4642719030380249
1231,0,6,6,0.5696222186088562
1232,0,6,8,0.49886462092399597
1233,0,4,7,0.6506101489067078
1234,0,6,8,0.5415810346603394
1235,1,7,6,0.4800541400909424
1236,1,7,5,0.28050729632377625
1237,1,7,6,0.6865324974060059
1238,1,4,4,0.9266474843025208
1239,1,8,5,0.3315434753894806
1240,1,7,4,0.6197504997253418
1241,1,7,3,0.6177660822868347
1242,1,4,2,0.8007376194000244
1243,1,7,5,0.8206714987754822
1244,1,7,7,0.4886453449726105
1245,1,7,7,0.4259640574455261
1246,1,7,5,0.49347561597824097
1247,1,4,3,0.8541094064712524
1248,1,2,2,0.9045196175575256
1249,1,9,3,0.9025852084159851
1250,1,8,7,0.41798076033592224
1251,1,2,1,0.49355170130729675
1252,1,7,4,0.759719729423523
1253,1,4,3,0.5257073044776917
1254,1,4,6,0.7020149827003479
1255,1,4,3,0.5671827793121338
1256,1,7,4,0.7270106673240662
1257,1,7,4,0.5057551264762878
1258,1,7,7,0.5949146151542664
1259,1,7,5,0.528896152973175
1260,1,4,7,0.5232464075088501
1261,1,2,3,0.5682874917984009
1262,1,5,6,0.2590848207473755
1263,1,7,5,0.6079252362251282
1264,1,4,5,0.4253668189048767
1265,1,7,8,0.5294889807701111
1266,1,5,8,0.19125062227249146
1267,1,8,4,0.6012976765632629
1268,1,2,1,0.7311497330665588
1269,1,7,7,0.6108967661857605
1270,1,7,6,0.38505661487579346
1271,1,7,4,0.4371703863143921
1272,1,7,5,0.3749639391899109
1273,1,4,6,0.6366097331047058
1274,1,9,3,0.7631760835647583
1275,2,1,7,0.8861573338508606
1276,2,7,3,0.7186174392700195
1277,2,1,0,0.5665434002876282
1278,2,8,1,0.5675089359283447
1279,2,1,4,0.565202534198761
1280,2,8,4,0.6015207767486572
1281,2,6,2,0.4780881404876709
1282,2,7,3,0.5139015913009644
1283,2,1,2,0.7979191541671753
1284,2,6,8,0.6107112169265747
1285,2,6,1,0.5472354888916016
1286,2,8,1,0.5031201243400574
1287,2,6,5,0.5380719900131226
1288,2,6,9,0.4934498071670532
1289,2,8,3,0.9182586669921875
1290,2,8,4,0.6413136720657349
1291,2,7,3,0.8564884662628174
1292,2,7,5,0.5371444225311279
1293,2,8,7,0.7688378095626831
1294,2,1,2,0.8473449349403381
1295,2,1,1,0.5941286683082581
1296,2,1,7,0.6088417172431946
1297,2,8,3,0.5935675501823425
1298,2,6,9,0.1783304214477539
1299,2,1,4,0.6625596880912781
1300,2,7,7,0.5141115188598633
1301,2,7,8,0.3630269467830658
1302,2,6,10,0.3952120840549469
1303,2,7,3,0.7367144823074341
1304,2,8,3,0.7836624383926392
1305,2,6,10,0.28185445070266724
1306,2,1,2,0.3390193581581116
1307,2,1,6,0.47731414437294006
1308,2,8,3,0.6620922088623047
1309,2,1,5,0.7426483035087585
1310,2,8,3,0.5226178765296936
1311,2,7,3,0.92339026927948
1312,2,8,4,0.5351958870887756
1313,2,4,8,0.35266393423080444
1314,2,1,3,0.536999523639679
1315,3,9,6,0.6777620911598206
1316,3,9,2,0.8306944370269775
1317,3,9,2,0.6792868375778198
1318,3,5,7,0.720855176448822
1319,3,8,4,0.41929638385772705
1320,3,9,1,0.5533174872398376
1321,3,5,20,0.24251484870910645
1322,3,9,3,0.8920415639877319
1323,3,7,7,0.6563794612884521
1324,3,8,5,0.4596714675426483
1325,3,7,8,0.6987701654434204
1326,3,9,5,0.555461049079895
1327,3,9,6,0.4515046179294586
1328,3,9,9,0.438946396112442
1329,3,5,9,0.5020244717597961
1330,3,9,2,0.7697760462760925
1331,3,9,8,0.5130357146263123
1332,3,9,7,0.48057490587234497
1333,3,9,2,0.3888554573059082
1334,3,7,5,0.6939483284950256
1335,3,7,2,0.7315630316734314
1336,3,9,6,0.7421103119850159
1337,3,7,7,0.677770733833313
1338,3,5,4,0.5178199410438538
1339,3,5,4,0.6297399401664734
1340,3,8,3,0.8047682642936707
1341,3,7,5,0.4873618185520172
1342,3,5,2,0.4349609315395355
1343,3,7,8,0.647443950176239
1344,3,8,14,0.42602816224098206
1345,3,9,4,0.6169387698173523
1346,3,7,0,0.8357123136520386
1347,3,7,5,0.6727038025856018
1348,3,8,3,0.535819947719574
1349,3,7,1,0.8985326290130615
1350,3,5,13,0.2847488820552826
1351,3,7,4,0.5576714873313904
1352,3,7,4,0.6240430474281311
1353,3,8,5,0.6641497611999512
1354,3,5,9,0.27811920642852783
1355,4,6,6,0.6568610072135925
1356,4,7,5,0.8236435055732727
1357,4,6,8,0.7241116166114807
1358,4,6,9,0.635378360748291
1359,4,6,6,0.8205474019050598
1360,4,7,0,0.9793969988822937
1361,4,6,5,0.6672636270523071
1362,4,1,2,0.8467154502868652
1363,4,6,8,0.5344201922416687
1364,4,6,3,0.742112398147583
1365,4,7,4,0.5598958134651184
1366,4,6,2,0.8963549137115479
1367,4,6,5,0.9057989120483398
1368,4,7,2,0.9136893153190613
1369,4,1,6,0.5036747455596924
1370,4,6,6,0.6946299076080322
1371,4,6,6,0.6403464674949646
1372,4,9,8,0.4151607155799866
1373,4,6,9,0.7177550196647644
1374,4,1,5,0.4793391823768616
1375,4,6,10,0.5714691877365112
1376,4,5,4,0.5690840482711792
1377,4,9,2,0.9223809242248535
1378,4,6,8,0.5456327199935913
1379,4,6,6,0.54561448097229
1380,4,7,1,0.9014474153518677
1381,4,6,3,0.5540919303894043
1382,4,6,3,0.5855473279953003
1383,4,9,4,0.9174509048461914
1384,4,6,11,0.7118470072746277
1385,4,6,4,0.74519944190979
1386,4,9,8,0.6016188859939575
1387,4,1,3,0.7584764361381531
1388,4,6,1,0.5859147906303406
1389,4,6,2,0.4744552671909332
1390,4,7,3,0.7047930359840393
1391,4,6,7,0.5843783617019653
1392,4,6,2,0.7077988386154175
1393,4,9,1,0.8163140416145325
1394,4,6,2,0.515924334526062
1395,5,5,99,0.4332607686519623
1396,5,5,99,0.4332607686519623
1397,5,3,8,0.7204276919364929
1398,5,9,2,0.8618286848068237
1399,5,6,3,0.7273126244544983
1400,5,5,99,0.4332607686519623
1401,5,3,8,0.645300567150116
1402,5,6,3,0.7904660105705261
1403,5,5,99,0.4332607686519623
1404,5,3,3,0.513069748878479
1405,5,6,3,0.6305028200149536
1406,5,0,8,0.4602675437927246
1407,5,3,6,0.7370343208312988
1408,5,5,99,0.4332607686519623
1409,5,6,0,0.6948917508125305
1410,5,3,10,0.7715880870819092
1411,5,6,2,0.9006036520004272
1412,5,3,0,0.5397121906280518
1413,5,9,3,0.7093114256858826
1414,5,5,99,0.4332607686519623
1415,5,9,3,0.6872531771659851
1416,5,6,1,0.5306136608123779
1417,5,6,7,0.431812584400177
1418,5,9,6,0.8079771399497986
1419,5,6,2,0.6168664693832397
1420,5,3,10,0.7814902663230896
1421,5,3,4,0.4665047526359558
1422,5,6,2,0.7709757089614868
1423,5,3,2,0.6466155648231506
1424,5,5,99,0.4332607686519623
1425,5,5,99,0.4332607686519623
1426,5,6,2,0.5355877876281738
1427,5,6,6,0.5242040753364563
1428,5,5,99,0.4332607686519623
1429,5,3,3,0.5016101002693176
1430,5,3,2,0.49913620948791504
1431,5,0,12,0.5687451362609863
1432,5,3,0,0.9785070419311523
1433,5,3,5,0.8266008496284485
1434,5,6,0,0.7757691144943237
1435,6,5,11,0.43192416429519653
1436,6,5,15,0.5090303421020508
1437,6,0,27,0.43528491258621216
1438,6,4,4,0.868015706539154
1439,6,5,19,0.3064405918121338
1440,6,4,1,0.5875835418701172
1441,6,4,7,0.5059483051300049
1442,6,4,0,0.8327370882034302
1443,6,5,16,0.2843758463859558
1444,6,4,18,0.5555210113525391
1445,6,4,6,0.6359467506408691
1446,6,4,19,0.5842970013618469
1447,6,4,4,0.8631007075309753
1448,6,4,12,0.5306369662284851
1449,6,5,14,0.27294155955314636
1450,6,8,3,0.7183489799499512
1451,6,0,14,0.37365710735321045
1452,6,7,3,0.41998180747032166
1453,6,0,3,0.8117445707321167
1454,6,5,17,0.34630468487739563
1455,6,5,11,0.4658736288547516
1456,6,8,11,0.2919657528400421
1457,6,4,5,0.5604592561721802
1458,6,5,11,0.3619369566440582
1459,6,5,12,0.3532088100910187
1460,6,5,14,0.3683721423149109
1461,6,4,4,0.5442312955856323
1462,6,4,23,0.6198428869247437
1463,6,5,10,0.30960923433303833
1464,6,4,11,0.7206215858459473
1465,6,5,7,0.30758431553840637
1466,6,0,8,0.4352048933506012
1467,6,4,7,0.8045310378074646
1468,6,5,11,0.3943902552127838
1469,6,8,8,0.47394126653671265
1470,6,8,15,0.30193811655044556
1471,6,4,6,0.6142030954360962
1472,6,0,16,0.37083542346954346
1473,6,4,25,0.5980058908462524
1474,6,8,4,0.5025903582572937
1475,7,1,14,0.4902772307395935
1476,7,1,7,0.5972825884819031
1477,7,9,3,0.8453508019447327
1478,7,3,6,0.5370140075683594
1479,7,3,9,0.48812252283096313
1480,7,3,7,0.737942099571228
1481,7,1,4,0.650610089302063
1482,7,1,6,0.5336548686027527
1483,7,5,8,0.4072645902633667
1484,7,3,8,0.76090407371521
1485,7,1,12,0.4675215780735016
1486,7,8,0,0.955801248550415
1487,7,5,14,0.3070692718029022
1488,7,4,8,0.37821024656295776
1489,7,1,2,0.45565882325172424
1490,7,8,7,0.6094134449958801
1491,7,5,17,0.33562588691711426
1492,7,1,3,0.5361956357955933
1493,7,6,4,0.6565555334091187
1494,7,5,14,0.37714871764183044
1495,7,1,8,0.6181653141975403
1496,7,5,13,0.3238960802555084
1497,7,4,8,0.7509135603904724
1498,7,4,11,0.49043625593185425
1499,7,5,11,0.24510875344276428
1500,7,3,6,0.884830117225647
1501,7,3,8,0.45855990052223206
1502,7,5,12,0.3521499037742615
1503,7,1,4,0.5210723876953125
1504,7,5,21,0.31248927116394043
1505,7,9,2,0.5004104971885681
1506,7,1,1,0.7079752683639526
1507,7,3,4,0.7398597002029419
1508,7,1,3,0.4682779610157013
1509,7,5,7,0.2728225588798523
1510,7,3,2,0.8138694167137146
1511,7,3,9,0.6414364576339722
1512,7,1,9,0.5148893594741821
1513,7,1,4,0.524114191532135
1514,7,8,0,0.808881402015686
1515,8,6,10,0.34604525566101074
1516,8,2,11,0.4996912479400635
1517,8,2,8,0.66559898853302
1518,8,6,6,0.28436487913131714
1519,8,3,0,0.6546709537506104
1520,8,2,8,0.35055527091026306
1521,8,6,3,0.8128240704536438
1522,8,2,4,0.7998232841491699
1523,8,1,9,0.564696729183197
1524,8,3,6,0.4677736461162567
1525,8,2,5,0.9176225662231445
1526,8,2,7,0.6426934003829956
1527,8,3,10,0.44555020332336426
1528,8,2,9,0.4580422639846802
1529,8,2,2,0.384099543094635
1530,8,2,3,0.658156156539917
1531,8,2,5,0.449402779340744
1532,8,1,3,0.5492547154426575
1533,8,2,5,0.7877803444862366
1534,8,9,4,0.6695659160614014
1535,8,3,11,0.43271416425704956
1536,8,2,6,0.6908367872238159
1537,8,6,16,0.3576551675796509
1538,8,6,7,0.42948752641677856
1539,8,3,2,0.6617200374603271
1540,8,9,8,0.4972391128540039
1541,8,2,4,0.5211748480796814
1542,8,2,7,0.8065676093101501
1543,8,2,3,0.6832438707351685
1544,8,9,5,0.508185625076294
1545,8,2,5,0.5502678155899048
1546,8,6,9,0.44183632731437683
1547,8,2,6,0.7182080745697021
1548,8,2,15,0.2106488198041916
1549,8,6,9,0.582302987575531
1550,8,7,14,0.35635867714881897
1551,8,5,9,0.24375061690807343
1552,8,9,8,0.6932016015052795
1553,9,4,3,0.5522490739822388
1554,9,4,10,0.7105692625045776
1555,9,3,6,0.4680083096027374
1556,9,3,4,0.6704199314117432
1557,9,8,2,0.5726268887519836
1558,9,8,7,0.574082612991333
1559,9,8,11,0.4848722517490387
1560,9,8,13,0.6172285676002502
1561,9,5,6,0.5320733189582825
1562,9,7,3,0.6359102129936218
1563,9,8,6,0.5005328059196472
1564,9,8,0,0.3182753920555115
1565,9,5,6,0.5473519563674927
1566,9,8,3,0.42590755224227905
1567,9,8,4,0.44397780299186707
1568,9,8,3,0.6903684735298157
1569,9,8,4,0.4032566547393799
1570,9,5,0,0.5243363976478577
1571,9,4,4,0.6213505864143372
1572,9,8,6,0.5274791717529297
1573,9,8,7,0.7578669786453247
1574,9,5,5,0.48061835765838623
1575,9,8,6,0.7979224324226379
1576,9,8,8,0.5785241723060608
1577,9,3,2,0.48646900057792664
1578,9,3,3,0.48403096199035645
1579,9,3,2,0.43657079339027405
1580,9,8,11,0.5715166926383972
1581,9,5,4,0.47800004482269287
1582,9,3,6,0.5854414105415344
1583,9,5,5,0.7848546504974365
1584,9,5,6,0.8048502206802368
1585,9,3,1,0.5779287815093994
1586,9,3,4,0.5198057293891907
1587,9,4,1,0.612172544002533
1588,9,3,5,0.5594136118888855
1589,9,3,2,0.3720085322856903
1590,9,8,5,0.506860077381134
1591,9,8,4,0.7173792123794556
1592,9,7,0,0.35680264234542847
