-6.212234497070312500e-03 -2.596272087097167969e+01 0.000000000000000000e+00
-1.850128173828125000e-04 -2.662461853027343750e+01 0.000000000000000000e+00
-1.164913177490234375e-02 -1.830505180358886719e+01 0.000000000000000000e+00
-2.204895019531250000e-03 -3.104565429687500000e+01 0.000000000000000000e+00
-1.517486572265625000e-02 -2.340446090698242188e+01 0.000000000000000000e+00
-7.896423339843750000e-04 -2.941909217834472656e+01 0.000000000000000000e+00
-3.814697265625000000e-04 -3.265163421630859375e+01 0.000000000000000000e+00
-8.010864257812500000e-05 -3.503601837158203125e+01 0.000000000000000000e+00
-1.182556152343750000e-03 -3.311960983276367188e+01 0.000000000000000000e+00
-9.136199951171875000e-04 -3.199188995361328125e+01 0.000000000000000000e+00
-2.174377441406250000e-04 -3.800239944458007812e+01 0.000000000000000000e+00
-2.384185791015625000e-04 -2.656737136840820312e+01 0.000000000000000000e+00
-4.482269287109375000e-04 -2.640690994262695312e+01 0.000000000000000000e+00
-2.994537353515625000e-04 -3.224751281738281250e+01 0.000000000000000000e+00
-1.142501831054687500e-03 -2.838652229309082031e+01 0.000000000000000000e+00
-5.029678344726562500e-03 -2.443696784973144531e+01 0.000000000000000000e+00
-2.021789550781250000e-04 -2.595326042175292969e+01 0.000000000000000000e+00
-4.634857177734375000e-04 -3.471177673339843750e+01 0.000000000000000000e+00
-7.858276367187500000e-04 -2.341011238098144531e+01 0.000000000000000000e+00
-2.325820922851562500e-02 -2.854483413696289062e+01 0.000000000000000000e+00
-1.049041748046875000e-04 -3.539330291748046875e+01 0.000000000000000000e+00
-9.384155273437500000e-04 -3.444025421142578125e+01 0.000000000000000000e+00
-3.261566162109375000e-04 -3.421201705932617188e+01 0.000000000000000000e+00
-3.852844238281250000e-04 -3.254197692871093750e+01 0.000000000000000000e+00
-2.861022949218750000e-05 -3.862200164794921875e+01 0.000000000000000000e+00
-9.956359863281250000e-04 -2.723646545410156250e+01 0.000000000000000000e+00
-7.743835449218750000e-04 -3.314768981933593750e+01 0.000000000000000000e+00
-7.629394531250000000e-06 -2.814305686950683594e+01 0.000000000000000000e+00
-5.245208740234375000e-04 -2.951249694824218750e+01 0.000000000000000000e+00
-1.022338867187500000e-03 -3.463555908203125000e+01 0.000000000000000000e+00
-3.414154052734375000e-04 -3.866321945190429688e+01 0.000000000000000000e+00
-3.337860107421875000e-04 -3.277571487426757812e+01 0.000000000000000000e+00
-3.046035766601562500e-03 -2.588412857055664062e+01 0.000000000000000000e+00
-1.144409179687500000e-05 -3.941369247436523438e+01 0.000000000000000000e+00
-2.717971801757812500e-03 -2.583503723144531250e+01 0.000000000000000000e+00
-9.555816650390625000e-04 -3.774980163574218750e+01 0.000000000000000000e+00
-3.433227539062500000e-04 -3.782794952392578125e+01 0.000000000000000000e+00
-1.798629760742187500e-03 -2.772996902465820312e+01 0.000000000000000000e+00
-1.347541809082031250e-02 -2.312832069396972656e+01 0.000000000000000000e+00
-5.897521972656250000e-03 -3.201987838745117188e+01 0.000000000000000000e+00
-6.847381591796875000e-04 -3.428206253051757812e+01 0.000000000000000000e+00
-1.352882385253906250e-02 -2.100804901123046875e+01 0.000000000000000000e+00
-1.964569091796875000e-04 -3.100634384155273438e+01 0.000000000000000000e+00
-4.240036010742187500e-03 -2.208521080017089844e+01 0.000000000000000000e+00
-6.160736083984375000e-04 -3.456071853637695312e+01 0.000000000000000000e+00
-2.331352233886718750e-02 -2.404090118408203125e+01 0.000000000000000000e+00
-4.005432128906250000e-05 -3.805629348754882812e+01 0.000000000000000000e+00
-2.830505371093750000e-03 -2.824606132507324219e+01 0.000000000000000000e+00
-3.051757812500000000e-05 -3.717792892456054688e+01 0.000000000000000000e+00
-7.391166687011718750e-02 -1.584629535675048828e+01 0.000000000000000000e+00
-1.010894775390625000e-04 -4.005093765258789062e+01 0.000000000000000000e+00
-1.373291015625000000e-04 -3.509319686889648438e+01 0.000000000000000000e+00
-1.125335693359375000e-04 -3.690317535400390625e+01 0.000000000000000000e+00
-2.059936523437500000e-04 -3.729578399658203125e+01 0.000000000000000000e+00
-2.897262573242187500e-03 -2.476533126831054688e+01 0.000000000000000000e+00
-3.395080566406250000e-04 -3.560204315185546875e+01 0.000000000000000000e+00
-2.155303955078125000e-04 -3.126539421081542969e+01 0.000000000000000000e+00
-5.661010742187500000e-03 -2.164389228820800781e+01 0.000000000000000000e+00
-2.246856689453125000e-03 -2.974719619750976562e+01 0.000000000000000000e+00
-1.335144042968750000e-04 -4.160754394531250000e+01 0.000000000000000000e+00
-1.678466796875000000e-04 -3.916659545898437500e+01 0.000000000000000000e+00
-4.577636718750000000e-05 -3.575473403930664062e+01 0.000000000000000000e+00
-1.306724548339843750e-02 -2.473007965087890625e+01 0.000000000000000000e+00
-1.792907714843750000e-04 -2.742278861999511719e+01 0.000000000000000000e+00
-1.480102539062500000e-03 -3.168882751464843750e+01 0.000000000000000000e+00
-2.002716064453125000e-04 -3.100882720947265625e+01 0.000000000000000000e+00
-2.822875976562500000e-04 -3.637942504882812500e+01 0.000000000000000000e+00
-7.896423339843750000e-04 -3.030325698852539062e+01 0.000000000000000000e+00
-6.103515625000000000e-05 -3.105643844604492188e+01 0.000000000000000000e+00
-1.621246337890625000e-04 -3.038197135925292969e+01 0.000000000000000000e+00
-9.298324584960937500e-04 -2.190674972534179688e+01 0.000000000000000000e+00
-9.479522705078125000e-04 -3.575793075561523438e+01 0.000000000000000000e+00
-1.628875732421875000e-03 -2.514538955688476562e+01 0.000000000000000000e+00
-6.796169281005859375e-02 -1.947927856445312500e+01 0.000000000000000000e+00
-5.474090576171875000e-04 -3.310272216796875000e+01 0.000000000000000000e+00
-1.926422119140625000e-04 -3.555883789062500000e+01 0.000000000000000000e+00
-1.335144042968750000e-05 -3.890896606445312500e+01 0.000000000000000000e+00
-8.262634277343750000e-03 -2.565047836303710938e+01 0.000000000000000000e+00
-1.028060913085937500e-03 -2.597342491149902344e+01 0.000000000000000000e+00
-7.438659667968750000e-04 -2.752169227600097656e+01 0.000000000000000000e+00
-6.790161132812500000e-04 -2.933084487915039062e+01 0.000000000000000000e+00
-6.790161132812500000e-04 -3.292928695678710938e+01 0.000000000000000000e+00
-1.144409179687500000e-05 -3.409261322021484375e+01 0.000000000000000000e+00
-6.198883056640625000e-04 -3.455523681640625000e+01 0.000000000000000000e+00
-4.514694213867187500e-03 -2.011497497558593750e+01 0.000000000000000000e+00
-3.643035888671875000e-03 -2.971244812011718750e+01 0.000000000000000000e+00
-3.223419189453125000e-04 -2.881807327270507812e+01 0.000000000000000000e+00
-2.479553222656250000e-05 -3.318021392822265625e+01 0.000000000000000000e+00
-3.530025482177734375e-02 -1.985024261474609375e+01 0.000000000000000000e+00
-1.466751098632812500e-03 -3.395082092285156250e+01 0.000000000000000000e+00
-6.999969482421875000e-04 -2.876465606689453125e+01 0.000000000000000000e+00
-1.333236694335937500e-02 -1.234146976470947266e+01 0.000000000000000000e+00
-1.487731933593750000e-04 -3.724317932128906250e+01 0.000000000000000000e+00
-9.860992431640625000e-04 -3.224254608154296875e+01 0.000000000000000000e+00
-1.636505126953125000e-03 -3.064710998535156250e+01 0.000000000000000000e+00
-1.251220703125000000e-03 -2.668714141845703125e+01 0.000000000000000000e+00
-4.196166992187500000e-05 -3.384659194946289062e+01 0.000000000000000000e+00
-2.250671386718750000e-04 -3.562601852416992188e+01 0.000000000000000000e+00
-5.435943603515625000e-04 -3.067378997802734375e+01 0.000000000000000000e+00
-2.784729003906250000e-04 -3.499372482299804688e+01 0.000000000000000000e+00
-4.577636718750000000e-05 -3.178835487365722656e+01 0.000000000000000000e+00
-1.835250854492187500e-02 -2.648887252807617188e+01 0.000000000000000000e+00
-3.604888916015625000e-04 -4.047252273559570312e+01 0.000000000000000000e+00
-3.204345703125000000e-04 -3.167536544799804688e+01 0.000000000000000000e+00
-6.294250488281250000e-05 -2.668328857421875000e+01 0.000000000000000000e+00
-9.174346923828125000e-04 -2.815302658081054688e+01 0.000000000000000000e+00
-1.384735107421875000e-03 -2.978134155273437500e+01 0.000000000000000000e+00
-1.659393310546875000e-04 -3.364286804199218750e+01 0.000000000000000000e+00
-3.967285156250000000e-04 -3.082830238342285156e+01 0.000000000000000000e+00
-5.302429199218750000e-04 -3.020045852661132812e+01 0.000000000000000000e+00
-1.602172851562500000e-04 -3.706923675537109375e+01 0.000000000000000000e+00
-3.564834594726562500e-03 -2.638817596435546875e+01 0.000000000000000000e+00
-2.937316894531250000e-04 -2.733503341674804688e+01 0.000000000000000000e+00
-9.993171691894531250e-02 -4.047402572631835938e+01 0.000000000000000000e+00
-1.007080078125000000e-03 -3.180457305908203125e+01 0.000000000000000000e+00
-1.487731933593750000e-03 -3.515677261352539062e+01 0.000000000000000000e+00
-2.727508544921875000e-03 -2.727558898925781250e+01 0.000000000000000000e+00
-1.520156860351562500e-03 -2.851025390625000000e+01 0.000000000000000000e+00
-1.592636108398437500e-03 -3.081297492980957031e+01 0.000000000000000000e+00
-2.498626708984375000e-04 -3.896179580688476562e+01 0.000000000000000000e+00
-8.487701416015625000e-04 -2.019486618041992188e+01 0.000000000000000000e+00
-1.983642578125000000e-04 -4.116218566894531250e+01 0.000000000000000000e+00
-7.227897644042968750e-02 -1.787598037719726562e+01 0.000000000000000000e+00
-9.250640869140625000e-04 -2.888371849060058594e+01 0.000000000000000000e+00
-6.294250488281250000e-05 -3.597967147827148438e+01 0.000000000000000000e+00
-3.662109375000000000e-04 -3.613082504272460938e+01 0.000000000000000000e+00
-7.724761962890625000e-03 -2.792488861083984375e+01 0.000000000000000000e+00
-4.539489746093750000e-04 -3.462051391601562500e+01 0.000000000000000000e+00
-6.484985351562500000e-05 -3.683328628540039062e+01 0.000000000000000000e+00
-2.593994140625000000e-04 -3.556784820556640625e+01 0.000000000000000000e+00
-5.125045776367187500e-03 -3.267879867553710938e+01 0.000000000000000000e+00
-1.869201660156250000e-04 -3.238075256347656250e+01 0.000000000000000000e+00
-9.727478027343750000e-05 -3.815196990966796875e+01 0.000000000000000000e+00
-1.525878906250000000e-05 -3.487778091430664062e+01 0.000000000000000000e+00
-2.094268798828125000e-03 -2.929999542236328125e+01 0.000000000000000000e+00
-3.318786621093750000e-04 -2.863411331176757812e+01 0.000000000000000000e+00
-2.460479736328125000e-04 -3.494403839111328125e+01 0.000000000000000000e+00
-8.773803710937500000e-05 -3.996733093261718750e+01 0.000000000000000000e+00
-4.097366333007812500e-02 -2.238534545898437500e+01 0.000000000000000000e+00
-1.554489135742187500e-03 -3.358238220214843750e+01 0.000000000000000000e+00
-2.390215396881103516e-01 -4.662014961242675781e+00 0.000000000000000000e+00
-1.373291015625000000e-04 -2.985939788818359375e+01 0.000000000000000000e+00
-1.525878906250000000e-04 -3.928436660766601562e+01 0.000000000000000000e+00
-1.195907592773437500e-03 -2.725214767456054688e+01 0.000000000000000000e+00
-6.046295166015625000e-04 -3.535097885131835938e+01 0.000000000000000000e+00
-7.629394531250000000e-05 -3.817370223999023438e+01 0.000000000000000000e+00
-2.551651000976562500e-02 -2.587473678588867188e+01 0.000000000000000000e+00
-1.296997070312500000e-04 -3.760298538208007812e+01 0.000000000000000000e+00
-1.564025878906250000e-04 -3.904857635498046875e+01 0.000000000000000000e+00
-5.321502685546875000e-04 -3.080473709106445312e+01 0.000000000000000000e+00
-5.912780761718750000e-04 -3.138367462158203125e+01 0.000000000000000000e+00
-1.659393310546875000e-04 -3.361124420166015625e+01 0.000000000000000000e+00
-2.307891845703125000e-04 -3.072089767456054688e+01 0.000000000000000000e+00
-2.279281616210937500e-03 -3.742671966552734375e+01 0.000000000000000000e+00
-5.118370056152343750e-03 -2.030094528198242188e+01 0.000000000000000000e+00
-2.449989318847656250e-03 -2.046183395385742188e+01 0.000000000000000000e+00
-2.523422241210937500e-03 -2.433326339721679688e+01 0.000000000000000000e+00
-4.138946533203125000e-03 -2.990157699584960938e+01 0.000000000000000000e+00
-5.741119384765625000e-04 -2.344160842895507812e+01 0.000000000000000000e+00
-3.433227539062500000e-05 -4.511418914794921875e+01 0.000000000000000000e+00
-9.059906005859375000e-04 -2.422185897827148438e+01 0.000000000000000000e+00
-2.288505935668945312e+01 -5.337715148925781250e-03 1.000000000000000000e+00
-3.116931915283203125e+01 -1.634597778320312500e-03 1.000000000000000000e+00
-2.899953079223632812e+01 -5.100250244140625000e-03 1.000000000000000000e+00
-2.633646774291992188e+01 -1.543045043945312500e-03 1.000000000000000000e+00
-2.647572135925292969e+01 -2.771377563476562500e-03 1.000000000000000000e+00
-8.647658348083496094e+00 -8.489561080932617188e-01 1.000000000000000000e+00
-2.782092285156250000e+01 -1.390457153320312500e-03 1.000000000000000000e+00
-3.348348999023437500e+01 -1.373291015625000000e-04 1.000000000000000000e+00
-3.719713592529296875e+01 -1.621246337890625000e-04 1.000000000000000000e+00
-4.450428009033203125e+01 -3.051757812500000000e-05 1.000000000000000000e+00
-1.816888427734375000e+01 -3.356361389160156250e-02 1.000000000000000000e+00
-3.705138015747070312e+01 -1.239776611328125000e-04 1.000000000000000000e+00
-4.131357192993164062e+01 -6.484985351562500000e-05 1.000000000000000000e+00
-2.305805969238281250e+01 -9.799003601074218750e-03 1.000000000000000000e+00
-2.403270339965820312e+01 -7.538795471191406250e-03 1.000000000000000000e+00
-2.790467453002929688e+01 -1.626968383789062500e-03 1.000000000000000000e+00
-3.516954421997070312e+01 -3.585815429687500000e-04 1.000000000000000000e+00
-2.852389526367187500e+01 -6.732940673828125000e-04 1.000000000000000000e+00
-2.511327552795410156e+01 -3.112792968750000000e-03 1.000000000000000000e+00
-3.086717224121093750e+01 -6.484985351562500000e-04 1.000000000000000000e+00
-1.482577419281005859e+01 -5.484962463378906250e-02 1.000000000000000000e+00
-2.825863647460937500e+01 -1.483917236328125000e-03 1.000000000000000000e+00
-2.043896484375000000e+01 -1.173114776611328125e-02 1.000000000000000000e+00
-2.808218574523925781e+01 -1.455307006835937500e-03 1.000000000000000000e+00
-2.860831832885742188e+01 -2.145767211914062500e-03 1.000000000000000000e+00
-2.508453750610351562e+01 -3.260612487792968750e-03 1.000000000000000000e+00
-1.995751762390136719e+01 -1.168537139892578125e-02 1.000000000000000000e+00
-3.073152732849121094e+01 -8.831024169921875000e-04 1.000000000000000000e+00
-3.198801422119140625e+01 -1.461029052734375000e-03 1.000000000000000000e+00
-2.029585647583007812e+01 -2.920150756835937500e-02 1.000000000000000000e+00
-2.675189018249511719e+01 -2.094268798828125000e-03 1.000000000000000000e+00
-2.964651489257812500e+01 -7.076263427734375000e-04 1.000000000000000000e+00
-3.250452804565429688e+01 -4.043579101562500000e-04 1.000000000000000000e+00
-3.051774597167968750e+01 -4.377365112304687500e-03 1.000000000000000000e+00
-3.059913825988769531e+01 -1.918792724609375000e-03 1.000000000000000000e+00
-3.096825981140136719e+01 -1.346588134765625000e-03 1.000000000000000000e+00
-3.336748886108398438e+01 -3.070831298828125000e-04 1.000000000000000000e+00
-2.804854774475097656e+01 -1.779556274414062500e-03 1.000000000000000000e+00
-1.555889892578125000e+01 -3.883743286132812500e-02 1.000000000000000000e+00
-3.155020141601562500e+01 -1.100540161132812500e-03 1.000000000000000000e+00
-9.378421783447265625e+00 -7.081208229064941406e-01 1.000000000000000000e+00
-2.784362030029296875e+01 -6.847381591796875000e-04 1.000000000000000000e+00
-3.415805816650390625e+01 -7.915496826171875000e-04 1.000000000000000000e+00
-3.968426895141601562e+01 -1.220703125000000000e-04 1.000000000000000000e+00
-1.372893238067626953e+01 -2.408981323242187500e-02 1.000000000000000000e+00
-1.198784065246582031e+01 -3.778805732727050781e-01 1.000000000000000000e+00
-2.975102615356445312e+01 -8.869171142578125000e-04 1.000000000000000000e+00
-2.558699035644531250e+01 -7.929801940917968750e-03 1.000000000000000000e+00
-2.324313354492187500e+01 -4.928588867187500000e-03 1.000000000000000000e+00
-2.644386672973632812e+01 -1.731872558593750000e-03 1.000000000000000000e+00
-2.455559921264648438e+01 -3.143310546875000000e-02 1.000000000000000000e+00
-2.107258987426757812e+01 -1.141166687011718750e-02 1.000000000000000000e+00
-4.231011962890625000e+01 -2.670288085937500000e-05 1.000000000000000000e+00
-1.743349647521972656e+01 -3.108119964599609375e-02 1.000000000000000000e+00
-3.842419052124023438e+01 -1.258850097656250000e-04 1.000000000000000000e+00
-2.130701065063476562e+01 -1.222991943359375000e-02 1.000000000000000000e+00
-2.613758277893066406e+01 -7.352828979492187500e-04 1.000000000000000000e+00
-2.404556274414062500e+01 -5.761241912841796875e-02 1.000000000000000000e+00
-3.218934249877929688e+01 -5.798339843750000000e-04 1.000000000000000000e+00
-1.543416595458984375e+01 -2.557849884033203125e-02 1.000000000000000000e+00
-2.167710494995117188e+01 -4.702949523925781250e-02 1.000000000000000000e+00
-1.926223754882812500e+01 -2.251625061035156250e-02 1.000000000000000000e+00
-2.771088027954101562e+01 -6.532669067382812500e-04 1.000000000000000000e+00
-1.624964141845703125e+01 -2.139282226562500000e-02 1.000000000000000000e+00
-3.946494674682617188e+01 -9.727478027343750000e-05 1.000000000000000000e+00
-2.286369514465332031e+01 -2.567195892333984375e-02 1.000000000000000000e+00
-3.830715179443359375e+01 -2.212524414062500000e-04 1.000000000000000000e+00
-3.529141998291015625e+01 -1.659393310546875000e-04 1.000000000000000000e+00
-3.147587203979492188e+01 -1.440048217773437500e-03 1.000000000000000000e+00
-3.142472076416015625e+01 -3.376007080078125000e-04 1.000000000000000000e+00
-2.875762176513671875e+01 -2.136230468750000000e-03 1.000000000000000000e+00
-2.522288131713867188e+01 -1.644897460937500000e-02 1.000000000000000000e+00
-2.205456161499023438e+01 -1.851367950439453125e-02 1.000000000000000000e+00
-3.297086334228515625e+01 -6.008148193359375000e-04 1.000000000000000000e+00
-3.380364227294921875e+01 -3.776550292968750000e-04 1.000000000000000000e+00
-2.436341094970703125e+01 -2.656936645507812500e-03 1.000000000000000000e+00
-2.198097801208496094e+01 -1.431846618652343750e-02 1.000000000000000000e+00
-1.963279342651367188e+01 -1.162242889404296875e-02 1.000000000000000000e+00
-2.967704772949218750e+01 -8.792877197265625000e-04 1.000000000000000000e+00
-2.885719299316406250e+01 -8.792877197265625000e-04 1.000000000000000000e+00
-1.959404373168945312e+01 -7.636356353759765625e-02 1.000000000000000000e+00
-8.154931068420410156e+00 -2.076888084411621094e-01 1.000000000000000000e+00
-1.992553901672363281e+01 -1.571941375732421875e-02 1.000000000000000000e+00
-2.462765693664550781e+01 -2.540874481201171875e-02 1.000000000000000000e+00
-2.524160766601562500e+01 -1.606941223144531250e-03 1.000000000000000000e+00
-1.817968559265136719e+01 -1.631164550781250000e-02 1.000000000000000000e+00
-2.788567352294921875e+01 -2.550125122070312500e-03 1.000000000000000000e+00
-2.786913108825683594e+01 -1.450538635253906250e-03 1.000000000000000000e+00
-1.471685981750488281e+01 -6.342506408691406250e-02 1.000000000000000000e+00
-3.732308959960937500e+01 -1.506805419921875000e-04 1.000000000000000000e+00
-3.034071731567382812e+01 -7.152557373046875000e-04 1.000000000000000000e+00
-2.770439338684082031e+01 -4.142761230468750000e-03 1.000000000000000000e+00
-1.488777732849121094e+01 -7.071399688720703125e-02 1.000000000000000000e+00
-3.727045440673828125e+01 -1.411437988281250000e-04 1.000000000000000000e+00
-2.405622482299804688e+01 -4.330635070800781250e-03 1.000000000000000000e+00
-2.043152618408203125e+01 -4.612922668457031250e-03 1.000000000000000000e+00
-2.915962219238281250e+01 -1.317977905273437500e-03 1.000000000000000000e+00
-3.238599395751953125e+01 -6.847381591796875000e-04 1.000000000000000000e+00
-1.684670448303222656e+01 -2.343082427978515625e-02 1.000000000000000000e+00
-2.458885192871093750e+01 -1.502990722656250000e-02 1.000000000000000000e+00
-2.583962631225585938e+01 -5.901336669921875000e-03 1.000000000000000000e+00
-4.209169769287109375e+01 -8.201599121093750000e-05 1.000000000000000000e+00
-2.544151306152343750e+01 -3.561019897460937500e-03 1.000000000000000000e+00
-2.384833526611328125e+01 -5.282402038574218750e-03 1.000000000000000000e+00
-2.199540901184082031e+01 -1.075935363769531250e-02 1.000000000000000000e+00
-3.897840881347656250e+01 -1.182556152343750000e-04 1.000000000000000000e+00
-2.670075225830078125e+01 -9.365081787109375000e-04 1.000000000000000000e+00
-3.541635131835937500e+01 -2.975463867187500000e-04 1.000000000000000000e+00
-1.890521240234375000e+01 -1.929187774658203125e-02 1.000000000000000000e+00
-2.616233062744140625e+01 -7.686614990234375000e-03 1.000000000000000000e+00
-1.507641792297363281e+01 -1.652517318725585938e-01 1.000000000000000000e+00
-1.609107398986816406e+01 -1.834583282470703125e-02 1.000000000000000000e+00
-2.335802841186523438e+01 -1.792716979980468750e-02 1.000000000000000000e+00
-2.981303977966308594e+01 -5.817413330078125000e-04 1.000000000000000000e+00
-2.493283843994140625e+01 -3.976821899414062500e-03 1.000000000000000000e+00
-1.285345268249511719e+01 -2.266411781311035156e-01 1.000000000000000000e+00
-8.094109535217285156e+00 -9.301080703735351562e-01 1.000000000000000000e+00
-3.281365203857421875e+01 -3.395080566406250000e-04 1.000000000000000000e+00
-2.586154937744140625e+01 -9.041786193847656250e-03 1.000000000000000000e+00
-2.901201248168945312e+01 -1.602172851562500000e-04 1.000000000000000000e+00
-2.417552947998046875e+01 -3.448486328125000000e-03 1.000000000000000000e+00
-2.218393898010253906e+01 -3.278446197509765625e-02 1.000000000000000000e+00
-2.881109619140625000e+01 -1.537322998046875000e-03 1.000000000000000000e+00
-2.000536727905273438e+01 -1.481437683105468750e-02 1.000000000000000000e+00
-3.985544204711914062e+01 -3.433227539062500000e-05 1.000000000000000000e+00
-3.208651351928710938e+01 -7.553100585937500000e-04 1.000000000000000000e+00
-2.589369201660156250e+01 -3.133773803710937500e-03 1.000000000000000000e+00
-2.244623565673828125e+01 -1.198577880859375000e-02 1.000000000000000000e+00
-2.557036972045898438e+01 -1.752567291259765625e-02 1.000000000000000000e+00
-2.639316940307617188e+01 -3.257751464843750000e-03 1.000000000000000000e+00
-3.153908538818359375e+01 -9.212493896484375000e-04 1.000000000000000000e+00
-3.638005065917968750e+01 -3.204345703125000000e-04 1.000000000000000000e+00
-2.521660041809082031e+01 -3.857612609863281250e-03 1.000000000000000000e+00
-3.226579284667968750e+01 -6.656646728515625000e-04 1.000000000000000000e+00
-2.669604492187500000e+01 -1.935958862304687500e-03 1.000000000000000000e+00
-2.606395721435546875e+01 -1.843452453613281250e-03 1.000000000000000000e+00
-2.774835968017578125e+01 -7.152557373046875000e-04 1.000000000000000000e+00
-3.346953201293945312e+01 -1.983642578125000000e-04 1.000000000000000000e+00
-9.986101150512695312e+00 -2.667264938354492188e-01 1.000000000000000000e+00
-2.526702308654785156e+01 -2.249526977539062500e-02 1.000000000000000000e+00
-2.594702148437500000e+01 -5.828857421875000000e-03 1.000000000000000000e+00
-2.685848808288574219e+01 -1.220703125000000000e-03 1.000000000000000000e+00
-2.290525436401367188e+01 -5.158424377441406250e-03 1.000000000000000000e+00
-2.604607963562011719e+01 -3.904342651367187500e-03 1.000000000000000000e+00
-2.916224288940429688e+01 -7.648468017578125000e-04 1.000000000000000000e+00
-3.382917404174804688e+01 -2.689361572265625000e-04 1.000000000000000000e+00
-2.618710327148437500e+01 -4.805564880371093750e-03 1.000000000000000000e+00
-3.481614303588867188e+01 -2.975463867187500000e-04 1.000000000000000000e+00
-2.212986373901367188e+01 -2.172470092773437500e-03 1.000000000000000000e+00
-1.394483184814453125e+01 -3.993701934814453125e-02 1.000000000000000000e+00
-2.730925369262695312e+01 -1.583099365234375000e-03 1.000000000000000000e+00
-1.894356536865234375e+01 -1.780128479003906250e-02 1.000000000000000000e+00
-3.120520019531250000e+01 -3.623962402343750000e-04 1.000000000000000000e+00
-1.647437667846679688e+01 -2.234172821044921875e-02 1.000000000000000000e+00
-2.098604583740234375e+01 -6.158828735351562500e-03 1.000000000000000000e+00
-1.135824108123779297e+01 -3.457317352294921875e-01 1.000000000000000000e+00
-2.702734756469726562e+01 -3.187179565429687500e-03 1.000000000000000000e+00
-2.357011795043945312e+01 -3.793716430664062500e-03 1.000000000000000000e+00
-2.129715538024902344e+01 -1.516056060791015625e-02 1.000000000000000000e+00
-2.300965881347656250e+01 -4.592895507812500000e-03 1.000000000000000000e+00
-3.997845458984375000e+01 -8.201599121093750000e-05 1.000000000000000000e+00
-2.040969085693359375e+01 -1.075172424316406250e-02 1.000000000000000000e+00