img,original_class,target_class,predicted_class,num_iterations
0,0,0,0
0,0,1,9
0,0,2,3
0,0,3,22
0,0,4,7
0,0,5,6
0,0,6,7
0,0,7,99
0,0,8,4
0,0,9,5
1,0,0,0
1,0,1,15
1,0,2,11
1,0,3,99
1,0,4,8
1,0,5,4
1,0,6,10
1,0,7,99
1,0,8,9
1,0,9,4
2,0,0,0
2,0,1,8
2,0,2,5
2,0,3,99
2,0,4,3
2,0,5,3
2,0,6,26
2,0,7,99
2,0,8,99
2,0,9,3
3,0,0,0
3,0,1,19
3,0,2,11
3,0,3,99
3,0,4,8
3,0,5,10
3,0,6,99
3,0,7,99
3,0,8,17
3,0,9,28
4,0,0,0
4,0,1,6
4,0,2,3
4,0,3,19
4,0,4,7
4,0,5,13
4,0,6,23
4,0,7,12
4,0,8,6
4,0,9,9
5,0,0,0
5,0,1,99
5,0,2,10
5,0,3,99
5,0,4,10
5,0,5,5
5,0,6,14
5,0,7,99
5,0,8,9
5,0,9,99
6,0,0,0
6,0,1,17
6,0,2,13
6,0,3,99
6,0,4,10
6,0,5,7
6,0,6,10
6,0,7,99
6,0,8,12
6,0,9,25
7,0,0,0
7,0,1,15
7,0,2,16
7,0,3,99
7,0,4,12
7,0,5,7
7,0,6,99
7,0,7,99
7,0,8,12
7,0,9,7
8,0,0,0
8,0,1,99
8,0,2,11
8,0,3,99
8,0,4,11
8,0,5,7
8,0,6,10
8,0,7,99
8,0,8,10
8,0,9,20
9,0,0,0
9,0,1,99
9,0,2,12
9,0,3,99
9,0,4,11
9,0,5,7
9,0,6,99
9,0,7,99
9,0,8,10
9,0,9,23
10,0,0,0
10,0,1,18
10,0,2,13
10,0,3,99
10,0,4,14
10,0,5,8
10,0,6,14
10,0,7,99
10,0,8,11
10,0,9,13
11,0,0,0
11,0,1,7
11,0,2,6
11,0,3,9
11,0,4,5
11,0,5,4
11,0,6,9
11,0,7,9
11,0,8,3
11,0,9,2
12,0,0,0
12,0,1,19
12,0,2,12
12,0,3,26
12,0,4,40
12,0,5,5
12,0,6,8
12,0,7,99
12,0,8,7
12,0,9,7
13,0,0,0
13,0,1,19
13,0,2,12
13,0,3,99
13,0,4,15
13,0,5,7
13,0,6,16
13,0,7,99
13,0,8,9
13,0,9,7
14,0,0,0
14,0,1,18
14,0,2,13
14,0,3,99
14,0,4,10
14,0,5,7
14,0,6,99
14,0,7,99
14,0,8,12
14,0,9,8
15,0,0,0
15,0,1,99
15,0,2,9
15,0,3,99
15,0,4,8
15,0,5,5
15,0,6,8
15,0,7,99
15,0,8,11
15,0,9,99
16,0,0,0
16,0,1,19
16,0,2,10
16,0,3,99
16,0,4,30
16,0,5,5
16,0,6,12
16,0,7,99
16,0,8,32
16,0,9,99
17,0,0,0
17,0,1,99
17,0,2,11
17,0,3,99
17,0,4,14
17,0,5,7
17,0,6,99
17,0,7,99
17,0,8,11
17,0,9,99
18,0,0,0
18,0,1,14
18,0,2,7
18,0,3,21
18,0,4,8
18,0,5,3
18,0,6,9
18,0,7,99
18,0,8,6
18,0,9,5
19,0,0,0
19,0,1,99
19,0,2,10
19,0,3,17
19,0,4,13
19,0,5,10
19,0,6,3
19,0,7,99
19,0,8,10
19,0,9,15
20,1,0,14
20,1,1,0
20,1,2,4
20,1,3,12
20,1,4,5
20,1,5,6
20,1,6,12
20,1,7,6
20,1,8,13
20,1,9,24
21,1,0,30
21,1,1,0
21,1,2,6
21,1,3,15
21,1,4,19
21,1,5,10
21,1,6,19
21,1,7,6
21,1,8,5
21,1,9,21
22,1,0,23
22,1,1,0
22,1,2,6
22,1,3,13
22,1,4,18
22,1,5,10
22,1,6,12
22,1,7,7
22,1,8,7
22,1,9,14
23,1,0,23
23,1,1,0
23,1,2,10
23,1,3,14
23,1,4,14
23,1,5,9
23,1,6,16
23,1,7,6
23,1,8,11
23,1,9,23
24,1,0,99
24,1,1,0
24,1,2,6
24,1,3,12
24,1,4,20
24,1,5,7
24,1,6,99
24,1,7,5
24,1,8,8
24,1,9,10
25,1,0,18
25,1,1,0
25,1,2,3
25,1,3,16
25,1,4,13
25,1,5,1
25,1,6,18
25,1,7,3
25,1,8,7
25,1,9,7
26,1,0,13
26,1,1,0
26,1,2,5
26,1,3,19
26,1,4,7
26,1,5,9
26,1,6,9
26,1,7,5
26,1,8,8
26,1,9,13
27,1,0,27
27,1,1,0
27,1,2,11
27,1,3,8
27,1,4,24
27,1,5,8
27,1,6,22
27,1,7,11
27,1,8,13
27,1,9,8
28,1,0,12
28,1,1,0
28,1,2,11
28,1,3,21
28,1,4,11
28,1,5,12
28,1,6,19
28,1,7,9
28,1,8,12
28,1,9,13
29,1,0,99
29,1,1,0
29,1,2,10
29,1,3,16
29,1,4,11
29,1,5,10
29,1,6,17
29,1,7,10
29,1,8,17
29,1,9,14
30,1,0,99
30,1,1,0
30,1,2,13
30,1,3,13
30,1,4,27
30,1,5,6
30,1,6,99
30,1,7,7
30,1,8,11
30,1,9,11
31,1,0,26
31,1,1,0
31,1,2,14
31,1,3,9
31,1,4,50
31,1,5,10
31,1,6,28
31,1,7,11
31,1,8,10
31,1,9,7
32,1,0,26
32,1,1,0
32,1,2,11
32,1,3,12
32,1,4,10
32,1,5,13
32,1,6,22
32,1,7,13
32,1,8,22
32,1,9,14
33,1,0,23
33,1,1,0
33,1,2,14
33,1,3,3
33,1,4,20
33,1,5,6
33,1,6,99
33,1,7,4
33,1,8,10
33,1,9,3
34,1,0,13
34,1,1,0
34,1,2,10
34,1,3,9
34,1,4,26
34,1,5,6
34,1,6,24
34,1,7,7
34,1,8,10
34,1,9,7
35,1,0,14
35,1,1,0
35,1,2,13
35,1,3,10
35,1,4,10
35,1,5,11
35,1,6,99
35,1,7,10
35,1,8,11
35,1,9,6
36,1,0,26
36,1,1,0
36,1,2,14
36,1,3,23
36,1,4,6
36,1,5,12
36,1,6,19
36,1,7,11
36,1,8,23
36,1,9,13
37,1,0,19
37,1,1,0
37,1,2,10
37,1,3,16
37,1,4,24
37,1,5,6
37,1,6,17
37,1,7,8
37,1,8,12
37,1,9,9
38,1,0,10
38,1,1,0
38,1,2,9
38,1,3,14
38,1,4,19
38,1,5,7
38,1,6,14
38,1,7,9
38,1,8,19
38,1,9,10
39,1,0,24
39,1,1,0
39,1,2,8
39,1,3,13
39,1,4,21
39,1,5,8
39,1,6,14
39,1,7,7
39,1,8,12
39,1,9,10
40,2,0,4
40,2,1,7
40,2,2,0
40,2,3,20
40,2,4,9
40,2,5,8
40,2,6,3
40,2,7,6
40,2,8,9
40,2,9,33
41,2,0,6
41,2,1,4
41,2,2,0
41,2,3,4
41,2,4,17
41,2,5,6
41,2,6,13
41,2,7,4
41,2,8,2
41,2,9,9
42,2,0,14
42,2,1,3
42,2,2,0
42,2,3,4
42,2,4,99
42,2,5,4
42,2,6,12
42,2,7,10
42,2,8,3
42,2,9,9
43,2,0,7
43,2,1,9
43,2,2,0
43,2,3,13
43,2,4,22
43,2,5,10
43,2,6,99
43,2,7,9
43,2,8,9
43,2,9,22
44,2,0,9
44,2,1,11
44,2,2,0
44,2,3,12
44,2,4,94
44,2,5,11
44,2,6,11
44,2,7,8
44,2,8,11
44,2,9,21
45,2,0,6
45,2,1,6
45,2,2,0
45,2,3,7
45,2,4,31
45,2,5,10
45,2,6,99
45,2,7,6
45,2,8,5
45,2,9,13
46,2,0,29
46,2,1,5
46,2,2,0
46,2,3,11
46,2,4,99
46,2,5,7
46,2,6,11
46,2,7,4
46,2,8,15
46,2,9,13
47,2,0,18
47,2,1,6
47,2,2,0
47,2,3,8
47,2,4,99
47,2,5,6
47,2,6,24
47,2,7,4
47,2,8,4
47,2,9,10
48,2,0,3
48,2,1,16
48,2,2,0
48,2,3,11
48,2,4,17
48,2,5,8
48,2,6,99
48,2,7,6
48,2,8,9
48,2,9,17
49,2,0,8
49,2,1,3
49,2,2,0
49,2,3,9
49,2,4,6
49,2,5,5
49,2,6,12
49,2,7,4
49,2,8,5
49,2,9,12
50,2,0,4
50,2,1,6
50,2,2,0
50,2,3,14
50,2,4,15
50,2,5,6
50,2,6,28
50,2,7,14
50,2,8,4
50,2,9,9
51,2,0,9
51,2,1,4
51,2,2,0
51,2,3,4
51,2,4,12
51,2,5,5
51,2,6,6
51,2,7,4
51,2,8,3
51,2,9,5
52,2,0,21
52,2,1,6
52,2,2,0
52,2,3,12
52,2,4,35
52,2,5,9
52,2,6,17
52,2,7,5
52,2,8,10
52,2,9,16
53,2,0,11
53,2,1,4
53,2,2,0
53,2,3,5
53,2,4,14
53,2,5,4
53,2,6,18
53,2,7,1
53,2,8,3
53,2,9,7
54,2,0,11
54,2,1,5
54,2,2,0
54,2,3,11
54,2,4,13
54,2,5,5
54,2,6,7
54,2,7,10
54,2,8,8
54,2,9,9
55,2,0,17
55,2,1,7
55,2,2,0
55,2,3,11
55,2,4,99
55,2,5,7
55,2,6,17
55,2,7,5
55,2,8,10
55,2,9,15
56,2,0,15
56,2,1,2
56,2,2,0
56,2,3,5
56,2,4,49
56,2,5,5
56,2,6,12
56,2,7,8
56,2,8,8
56,2,9,9
57,2,0,16
57,2,1,5
57,2,2,0
57,2,3,10
57,2,4,66
57,2,5,5
57,2,6,16
57,2,7,5
57,2,8,4
57,2,9,7
58,2,0,15
58,2,1,6
58,2,2,0
58,2,3,8
58,2,4,99
58,2,5,6
58,2,6,13
58,2,7,4
58,2,8,4
58,2,9,11
59,2,0,8
59,2,1,1
59,2,2,0
59,2,3,11
59,2,4,15
59,2,5,5
59,2,6,21
59,2,7,2
59,2,8,10
59,2,9,10
60,3,0,99
60,3,1,9
60,3,2,30
60,3,3,0
60,3,4,99
60,3,5,6
60,3,6,99
60,3,7,4
60,3,8,33
60,3,9,12
61,3,0,99
61,3,1,11
61,3,2,99
61,3,3,0
61,3,4,13
61,3,5,4
61,3,6,22
61,3,7,12
61,3,8,44
61,3,9,6
62,3,0,99
62,3,1,8
62,3,2,33
62,3,3,0
62,3,4,13
62,3,5,7
62,3,6,99
62,3,7,5
62,3,8,23
62,3,9,6
63,3,0,99
63,3,1,12
63,3,2,99
63,3,3,0
63,3,4,17
63,3,5,8
63,3,6,14
63,3,7,10
63,3,8,11
63,3,9,6
64,3,0,99
64,3,1,10
64,3,2,99
64,3,3,0
64,3,4,14
64,3,5,5
64,3,6,14
64,3,7,8
64,3,8,16
64,3,9,5
65,3,0,99
65,3,1,6
65,3,2,99
65,3,3,0
65,3,4,38
65,3,5,1
65,3,6,99
65,3,7,9
65,3,8,10
65,3,9,4
66,3,0,99
66,3,1,10
66,3,2,99
66,3,3,0
66,3,4,99
66,3,5,6
66,3,6,99
66,3,7,13
66,3,8,13
66,3,9,4
67,3,0,99
67,3,1,11
67,3,2,99
67,3,3,0
67,3,4,99
67,3,5,4
67,3,6,17
67,3,7,10
67,3,8,99
67,3,9,18
68,3,0,11
68,3,1,9
68,3,2,8
68,3,3,0
68,3,4,14
68,3,5,5
68,3,6,9
68,3,7,7
68,3,8,16
68,3,9,11
69,3,0,99
69,3,1,9
69,3,2,99
69,3,3,0
69,3,4,99
69,3,5,5
69,3,6,99
69,3,7,6
69,3,8,40
69,3,9,9
70,3,0,99
70,3,1,11
70,3,2,29
70,3,3,0
70,3,4,22
70,3,5,7
70,3,6,12
70,3,7,10
70,3,8,19
70,3,9,15
71,3,0,99
71,3,1,9
71,3,2,99
71,3,3,0
71,3,4,22
71,3,5,3
71,3,6,99
71,3,7,14
71,3,8,23
71,3,9,8
72,3,0,99
72,3,1,11
72,3,2,99
72,3,3,0
72,3,4,99
72,3,5,4
72,3,6,19
72,3,7,14
72,3,8,36
72,3,9,14
73,3,0,23
73,3,1,9
73,3,2,20
73,3,3,0
73,3,4,20
73,3,5,5
73,3,6,99
73,3,7,7
73,3,8,24
73,3,9,8
74,3,0,12
74,3,1,10
74,3,2,12
74,3,3,0
74,3,4,99
74,3,5,2
74,3,6,16
74,3,7,12
74,3,8,7
74,3,9,13
75,3,0,99
75,3,1,10
75,3,2,28
75,3,3,0
75,3,4,14
75,3,5,1
75,3,6,6
75,3,7,6
75,3,8,8
75,3,9,15
76,3,0,99
76,3,1,3
76,3,2,99
76,3,3,0
76,3,4,45
76,3,5,1
76,3,6,99
76,3,7,12
76,3,8,12
76,3,9,2
77,3,0,99
77,3,1,9
77,3,2,27
77,3,3,0
77,3,4,12
77,3,5,4
77,3,6,18
77,3,7,8
77,3,8,31
77,3,9,5
78,3,0,17
78,3,1,5
78,3,2,5
78,3,3,0
78,3,4,11
78,3,5,4
78,3,6,8
78,3,7,4
78,3,8,8
78,3,9,5
79,3,0,99
79,3,1,6
79,3,2,19
79,3,3,0
79,3,4,21
79,3,5,6
79,3,6,99
79,3,7,5
79,3,8,8
79,3,9,7
80,4,0,12
80,4,1,2
80,4,2,1
80,4,3,99
80,4,4,0
80,4,5,2
80,4,6,1
80,4,7,6
80,4,8,4
80,4,9,4
81,4,0,15
81,4,1,8
81,4,2,7
81,4,3,99
81,4,4,0
81,4,5,6
81,4,6,4
81,4,7,13
81,4,8,15
81,4,9,18
82,4,0,14
82,4,1,2
82,4,2,5
82,4,3,14
82,4,4,0
82,4,5,13
82,4,6,7
82,4,7,10
82,4,8,6
82,4,9,11
83,4,0,18
83,4,1,5
83,4,2,11
83,4,3,9
83,4,4,0
83,4,5,4
83,4,6,12
83,4,7,6
83,4,8,20
83,4,9,2
84,4,0,15
84,4,1,10
84,4,2,7
84,4,3,40
84,4,4,0
84,4,5,5
84,4,6,1
84,4,7,11
84,4,8,15
84,4,9,22
85,4,0,14
85,4,1,6
85,4,2,4
85,4,3,99
85,4,4,0
85,4,5,4
85,4,6,1
85,4,7,18
85,4,8,16
85,4,9,13
86,4,0,21
86,4,1,3
86,4,2,7
86,4,3,99
86,4,4,0
86,4,5,9
86,4,6,14
86,4,7,8
86,4,8,12
86,4,9,16
87,4,0,4
87,4,1,13
87,4,2,16
87,4,3,45
87,4,4,0
87,4,5,9
87,4,6,8
87,4,7,20
87,4,8,19
87,4,9,11
88,4,0,5
88,4,1,12
88,4,2,10
88,4,3,23
88,4,4,0
88,4,5,2
88,4,6,3
88,4,7,15
88,4,8,24
88,4,9,9
89,4,0,7
89,4,1,11
89,4,2,12
89,4,3,99
89,4,4,0
89,4,5,9
89,4,6,6
89,4,7,10
89,4,8,17
89,4,9,10
90,4,0,8
90,4,1,7
90,4,2,13
90,4,3,99
90,4,4,0
90,4,5,4
90,4,6,12
90,4,7,6
90,4,8,99
90,4,9,6
91,4,0,8
91,4,1,9
91,4,2,5
91,4,3,13
91,4,4,0
91,4,5,7
91,4,6,2
91,4,7,13
91,4,8,7
91,4,9,11
92,4,0,7
92,4,1,7
92,4,2,9
92,4,3,52
92,4,4,0
92,4,5,6
92,4,6,5
92,4,7,7
92,4,8,10
92,4,9,12
93,4,0,14
93,4,1,10
93,4,2,7
93,4,3,99
93,4,4,0
93,4,5,5
93,4,6,4
93,4,7,17
93,4,8,99
93,4,9,10
94,4,0,9
94,4,1,5
94,4,2,5
94,4,3,28
94,4,4,0
94,4,5,4
94,4,6,7
94,4,7,7
94,4,8,10
94,4,9,4
95,4,0,10
95,4,1,13
95,4,2,12
95,4,3,99
95,4,4,0
95,4,5,9
95,4,6,5
95,4,7,19
95,4,8,99
95,4,9,10
96,4,0,13
96,4,1,11
96,4,2,6
96,4,3,99
96,4,4,0
96,4,5,5
96,4,6,2
96,4,7,16
96,4,8,99
96,4,9,13
97,4,0,14
97,4,1,4
97,4,2,4
97,4,3,99
97,4,4,0
97,4,5,7
97,4,6,9
97,4,7,4
97,4,8,44
97,4,9,7
98,4,0,8
98,4,1,4
98,4,2,6
98,4,3,19
98,4,4,0
98,4,5,7
98,4,6,5
98,4,7,6
98,4,8,15
98,4,9,19
99,4,0,20
99,4,1,10
99,4,2,5
99,4,3,99
99,4,4,0
99,4,5,3
99,4,6,1
99,4,7,15
99,4,8,30
99,4,9,13
100,5,0,99
100,5,1,18
100,5,2,99
100,5,3,4
100,5,4,11
100,5,5,0
100,5,6,11
100,5,7,99
100,5,8,99
100,5,9,16
101,5,0,99
101,5,1,99
101,5,2,99
101,5,3,7
101,5,4,26
101,5,5,0
101,5,6,99
101,5,7,99
101,5,8,22
101,5,9,5
102,5,0,36
102,5,1,99
102,5,2,99
102,5,3,99
102,5,4,99
102,5,5,0
102,5,6,99
102,5,7,99
102,5,8,99
102,5,9,11
103,5,0,12
103,5,1,99
103,5,2,17
103,5,3,10
103,5,4,22
103,5,5,0
103,5,6,8
103,5,7,32
103,5,8,9
103,5,9,7
104,5,0,17
104,5,1,14
104,5,2,99
104,5,3,29
104,5,4,11
104,5,5,0
104,5,6,9
104,5,7,15
104,5,8,42
104,5,9,7
105,5,0,98
105,5,1,99
105,5,2,99
105,5,3,99
105,5,4,79
105,5,5,0
105,5,6,11
105,5,7,99
105,5,8,99
105,5,9,10
106,5,0,25
106,5,1,99
106,5,2,99
106,5,3,4
106,5,4,23
106,5,5,0
106,5,6,18
106,5,7,99
106,5,8,26
106,5,9,4
107,5,0,14
107,5,1,99
107,5,2,99
107,5,3,8
107,5,4,8
107,5,5,0
107,5,6,8
107,5,7,99
107,5,8,17
107,5,9,7
108,5,0,9
108,5,1,99
108,5,2,10
108,5,3,13
108,5,4,15
108,5,5,0
108,5,6,99
108,5,7,99
108,5,8,10
108,5,9,12
109,5,0,52
109,5,1,99
109,5,2,99
109,5,3,6
109,5,4,12
109,5,5,0
109,5,6,10
109,5,7,99
109,5,8,16
109,5,9,5
110,5,0,18
110,5,1,9
110,5,2,12
110,5,3,3
110,5,4,11
110,5,5,0
110,5,6,6
110,5,7,99
110,5,8,5
110,5,9,2
111,5,0,27
111,5,1,99
111,5,2,99
111,5,3,12
111,5,4,17
111,5,5,0
111,5,6,9
111,5,7,49
111,5,8,20
111,5,9,8
112,5,0,7
112,5,1,99
112,5,2,3
112,5,3,99
112,5,4,28
112,5,5,0
112,5,6,4
112,5,7,21
112,5,8,4
112,5,9,8
113,5,0,15
113,5,1,99
113,5,2,99
113,5,3,12
113,5,4,25
113,5,5,0
113,5,6,99
113,5,7,99
113,5,8,99
113,5,9,8
114,5,0,21
114,5,1,9
114,5,2,13
114,5,3,9
114,5,4,19
114,5,5,0
114,5,6,99
114,5,7,11
114,5,8,22
114,5,9,7
115,5,0,13
115,5,1,99
115,5,2,10
115,5,3,16
115,5,4,9
115,5,5,0
115,5,6,7
115,5,7,99
115,5,8,22
115,5,9,4
116,5,0,16
116,5,1,99
116,5,2,13
116,5,3,15
116,5,4,23
116,5,5,0
116,5,6,5
116,5,7,41
116,5,8,5
116,5,9,11
117,5,0,17
117,5,1,10
117,5,2,12
117,5,3,3
117,5,4,14
117,5,5,0
117,5,6,14
117,5,7,18
117,5,8,17
117,5,9,4
118,5,0,13
118,5,1,99
118,5,2,14
118,5,3,14
118,5,4,10
118,5,5,0
118,5,6,8
118,5,7,99
118,5,8,14
118,5,9,9
119,5,0,99
119,5,1,99
119,5,2,99
119,5,3,10
119,5,4,18
119,5,5,0
119,5,6,16
119,5,7,19
119,5,8,24
119,5,9,13
120,6,0,5
120,6,1,11
120,6,2,6
120,6,3,44
120,6,4,7
120,6,5,5
120,6,6,0
120,6,7,11
120,6,8,9
120,6,9,13
121,6,0,6
121,6,1,16
121,6,2,9
121,6,3,99
121,6,4,8
121,6,5,6
121,6,6,0
121,6,7,14
121,6,8,12
121,6,9,99
122,6,0,7
122,6,1,15
122,6,2,3
122,6,3,99
122,6,4,7
122,6,5,3
122,6,6,0
122,6,7,99
122,6,8,9
122,6,9,99
123,6,0,9
123,6,1,99
123,6,2,10
123,6,3,99
123,6,4,15
123,6,5,8
123,6,6,0
123,6,7,23
123,6,8,15
123,6,9,99
124,6,0,11
124,6,1,99
124,6,2,5
124,6,3,99
124,6,4,9
124,6,5,3
124,6,6,0
124,6,7,15
124,6,8,4
124,6,9,15
125,6,0,15
125,6,1,99
125,6,2,3
125,6,3,99
125,6,4,15
125,6,5,3
125,6,6,0
125,6,7,13
125,6,8,7
125,6,9,99
126,6,0,12
126,6,1,4
126,6,2,3
126,6,3,3
126,6,4,11
126,6,5,2
126,6,6,0
126,6,7,4
126,6,8,4
126,6,9,18
127,6,0,12
127,6,1,99
127,6,2,8
127,6,3,14
127,6,4,14
127,6,5,5
127,6,6,0
127,6,7,7
127,6,8,6
127,6,9,99
128,6,0,2
128,6,1,99
128,6,2,4
128,6,3,99
128,6,4,26
128,6,5,4
128,6,6,0
128,6,7,99
128,6,8,11
128,6,9,99
129,6,0,5
129,6,1,7
129,6,2,7
129,6,3,68
129,6,4,3
129,6,5,6
129,6,6,0
129,6,7,6
129,6,8,7
129,6,9,18
130,6,0,10
130,6,1,99
130,6,2,10
130,6,3,99
130,6,4,18
130,6,5,7
130,6,6,0
130,6,7,52
130,6,8,9
130,6,9,99
131,6,0,13
131,6,1,15
131,6,2,9
131,6,3,99
131,6,4,12
131,6,5,6
131,6,6,0
131,6,7,18
131,6,8,7
131,6,9,99
132,6,0,6
132,6,1,99
132,6,2,7
132,6,3,19
132,6,4,8
132,6,5,7
132,6,6,0
132,6,7,20
132,6,8,13
132,6,9,18
133,6,0,7
133,6,1,99
133,6,2,7
133,6,3,99
133,6,4,18
133,6,5,9
133,6,6,0
133,6,7,99
133,6,8,7
133,6,9,99
134,6,0,7
134,6,1,99
134,6,2,6
134,6,3,63
134,6,4,7
134,6,5,6
134,6,6,0
134,6,7,20
134,6,8,13
134,6,9,99
135,6,0,7
135,6,1,99
135,6,2,8
135,6,3,21
135,6,4,13
135,6,5,7
135,6,6,0
135,6,7,99
135,6,8,8
135,6,9,99
136,6,0,10
136,6,1,99
136,6,2,5
136,6,3,18
136,6,4,5
136,6,5,4
136,6,6,0
136,6,7,24
136,6,8,4
136,6,9,13
137,6,0,12
137,6,1,99
137,6,2,5
137,6,3,99
137,6,4,15
137,6,5,0
137,6,6,0
137,6,7,23
137,6,8,6
137,6,9,99
138,6,0,17
138,6,1,99
138,6,2,5
138,6,3,99
138,6,4,17
138,6,5,4
138,6,6,0
138,6,7,46
138,6,8,5
138,6,9,99
139,6,0,10
139,6,1,9
139,6,2,3
139,6,3,15
139,6,4,7
139,6,5,2
139,6,6,0
139,6,7,9
139,6,8,2
139,6,9,16
140,7,0,25
140,7,1,2
140,7,2,99
140,7,3,13
140,7,4,6
140,7,5,7
140,7,6,15
140,7,7,0
140,7,8,99
140,7,9,18
141,7,0,99
141,7,1,10
141,7,2,99
141,7,3,4
141,7,4,18
141,7,5,5
141,7,6,14
141,7,7,0
141,7,8,11
141,7,9,10
142,7,0,8
142,7,1,8
142,7,2,4
142,7,3,2
142,7,4,21
142,7,5,3
142,7,6,9
142,7,7,0
142,7,8,4
142,7,9,9
143,7,0,99
143,7,1,9
143,7,2,99
143,7,3,21
143,7,4,99
143,7,5,9
143,7,6,19
143,7,7,0
143,7,8,8
143,7,9,24
144,7,0,99
144,7,1,10
144,7,2,29
144,7,3,13
144,7,4,99
144,7,5,8
144,7,6,11
144,7,7,0
144,7,8,6
144,7,9,20
145,7,0,6
145,7,1,0
145,7,2,2
145,7,3,3
145,7,4,11
145,7,5,5
145,7,6,47
145,7,7,4
145,7,8,0
145,7,9,5
146,7,0,22
146,7,1,2
146,7,2,7
146,7,3,5
146,7,4,13
146,7,5,5
146,7,6,14
146,7,7,0
146,7,8,5
146,7,9,7
147,7,0,99
147,7,1,2
147,7,2,16
147,7,3,7
147,7,4,7
147,7,5,8
147,7,6,15
147,7,7,0
147,7,8,12
147,7,9,15
148,7,0,11
148,7,1,4
148,7,2,10
148,7,3,7
148,7,4,99
148,7,5,6
148,7,6,16
148,7,7,0
148,7,8,8
148,7,9,10
149,7,0,99
149,7,1,10
149,7,2,20
149,7,3,6
149,7,4,99
149,7,5,6
149,7,6,20
149,7,7,0
149,7,8,16
149,7,9,10
150,7,0,99
150,7,1,3
150,7,2,7
150,7,3,7
150,7,4,34
150,7,5,4
150,7,6,13
150,7,7,0
150,7,8,3
150,7,9,9
151,7,0,99
151,7,1,5
151,7,2,18
151,7,3,6
151,7,4,9
151,7,5,7
151,7,6,14
151,7,7,0
151,7,8,8
151,7,9,8
152,7,0,99
152,7,1,9
152,7,2,99
152,7,3,5
152,7,4,22
152,7,5,8
152,7,6,99
152,7,7,0
152,7,8,99
152,7,9,13
153,7,0,17
153,7,1,11
153,7,2,9
153,7,3,10
153,7,4,13
153,7,5,5
153,7,6,5
153,7,7,0
153,7,8,5
153,7,9,15
154,7,0,99
154,7,1,6
154,7,2,99
154,7,3,9
154,7,4,99
154,7,5,7
154,7,6,14
154,7,7,0
154,7,8,6
154,7,9,14
155,7,0,99
155,7,1,7
155,7,2,13
155,7,3,11
155,7,4,4
155,7,5,5
155,7,6,5
155,7,7,0
155,7,8,5
155,7,9,22
156,7,0,99
156,7,1,11
156,7,2,99
156,7,3,27
156,7,4,99
156,7,5,12
156,7,6,22
156,7,7,0
156,7,8,10
156,7,9,99
157,7,0,99
157,7,1,2
157,7,2,11
157,7,3,3
157,7,4,11
157,7,5,8
157,7,6,99
157,7,7,0
157,7,8,8
157,7,9,6
158,7,0,99
158,7,1,5
158,7,2,12
158,7,3,14
158,7,4,16
158,7,5,6
158,7,6,10
158,7,7,0
158,7,8,5
158,7,9,16
159,7,0,99
159,7,1,10
159,7,2,27
159,7,3,10
159,7,4,99
159,7,5,9
159,7,6,19
159,7,7,0
159,7,8,9
159,7,9,14
160,8,0,11
160,8,1,7
160,8,2,4
160,8,3,7
160,8,4,16
160,8,5,9
160,8,6,4
160,8,7,6
160,8,8,0
160,8,9,8
161,8,0,17
161,8,1,5
161,8,2,6
161,8,3,18
161,8,4,99
161,8,5,4
161,8,6,6
161,8,7,13
161,8,8,0
161,8,9,4
162,8,0,3
162,8,1,1
162,8,2,4
162,8,3,4
162,8,4,99
162,8,5,3
162,8,6,99
162,8,7,7
162,8,8,0
162,8,9,5
163,8,0,14
163,8,1,2
163,8,2,7
163,8,3,4
163,8,4,8
163,8,5,6
163,8,6,5
163,8,7,4
163,8,8,0
163,8,9,2
164,8,0,18
164,8,1,8
164,8,2,8
164,8,3,3
164,8,4,16
164,8,5,4
164,8,6,7
164,8,7,14
164,8,8,0
164,8,9,4
165,8,0,24
165,8,1,11
165,8,2,8
165,8,3,9
165,8,4,17
165,8,5,8
165,8,6,6
165,8,7,10
165,8,8,0
165,8,9,11
166,8,0,7
166,8,1,5
166,8,2,6
166,8,3,5
166,8,4,12
166,8,5,5
166,8,6,10
166,8,7,10
166,8,8,0
166,8,9,3
167,8,0,5
167,8,1,7
167,8,2,1
167,8,3,15
167,8,4,10
167,8,5,7
167,8,6,3
167,8,7,11
167,8,8,0
167,8,9,4
168,8,0,19
168,8,1,4
168,8,2,3
168,8,3,14
168,8,4,39
168,8,5,5
168,8,6,10
168,8,7,9
168,8,8,0
168,8,9,5
169,8,0,10
169,8,1,9
169,8,2,4
169,8,3,7
169,8,4,99
169,8,5,8
169,8,6,6
169,8,7,42
169,8,8,0
169,8,9,5
170,8,0,13
170,8,1,7
170,8,2,0
170,8,3,10
170,8,4,10
170,8,5,3
170,8,6,1
170,8,7,17
170,8,8,0
170,8,9,5
171,8,0,17
171,8,1,6
171,8,2,4
171,8,3,7
171,8,4,40
171,8,5,7
171,8,6,7
171,8,7,23
171,8,8,0
171,8,9,4
172,8,0,9
172,8,1,5
172,8,2,4
172,8,3,4
172,8,4,17
172,8,5,4
172,8,6,7
172,8,7,12
172,8,8,0
172,8,9,6
173,8,0,12
173,8,1,4
173,8,2,2
173,8,3,3
173,8,4,99
173,8,5,5
173,8,6,5
173,8,7,3
173,8,8,0
173,8,9,6
174,8,0,12
174,8,1,8
174,8,2,7
174,8,3,6
174,8,4,17
174,8,5,7
174,8,6,6
174,8,7,17
174,8,8,0
174,8,9,9
175,8,0,23
175,8,1,12
175,8,2,12
175,8,3,6
175,8,4,24
175,8,5,7
175,8,6,10
175,8,7,10
175,8,8,0
175,8,9,5
176,8,0,11
176,8,1,4
176,8,2,4
176,8,3,24
176,8,4,11
176,8,5,5
176,8,6,10
176,8,7,13
176,8,8,0
176,8,9,3
177,8,0,12
177,8,1,13
177,8,2,8
177,8,3,2
177,8,4,16
177,8,5,5
177,8,6,6
177,8,7,11
177,8,8,0
177,8,9,3
178,8,0,17
178,8,1,8
178,8,2,9
178,8,3,6
178,8,4,20
178,8,5,8
178,8,6,5
178,8,7,5
178,8,8,0
178,8,9,5
179,9,0,13
179,9,1,2
179,9,2,12
179,9,3,5
179,9,4,5
179,9,5,5
179,9,6,14
179,9,7,7
179,9,8,10
179,9,9,0
180,9,0,14
180,9,1,4
180,9,2,17
180,9,3,6
180,9,4,10
180,9,5,2
180,9,6,15
180,9,7,20
180,9,8,9
180,9,9,0
181,9,0,15
181,9,1,1
181,9,2,19
181,9,3,7
181,9,4,24
181,9,5,4
181,9,6,99
181,9,7,8
181,9,8,1
181,9,9,0
182,9,0,99
182,9,1,7
182,9,2,13
182,9,3,4
182,9,4,18
182,9,5,3
182,9,6,16
182,9,7,26
182,9,8,8
182,9,9,0
183,9,0,32
183,9,1,3
183,9,2,64
183,9,3,9
183,9,4,14
183,9,5,3
183,9,6,99
183,9,7,9
183,9,8,7
183,9,9,0
184,9,0,66
184,9,1,4
184,9,2,15
184,9,3,7
184,9,4,9
184,9,5,7
184,9,6,99
184,9,7,7
184,9,8,10
184,9,9,0
185,9,0,17
185,9,1,6
185,9,2,99
185,9,3,4
185,9,4,8
185,9,5,5
185,9,6,20
185,9,7,14
185,9,8,10
185,9,9,0
186,9,0,52
186,9,1,12
186,9,2,18
186,9,3,7
186,9,4,24
186,9,5,5
186,9,6,48
186,9,7,19
186,9,8,10
186,9,9,0
187,9,0,35
187,9,1,6
187,9,2,24
187,9,3,11
187,9,4,15
187,9,5,6
187,9,6,99
187,9,7,17
187,9,8,11
187,9,9,0
188,9,0,7
188,9,1,0
188,9,2,10
188,9,3,7
188,9,4,0
188,9,5,3
188,9,6,14
188,9,7,3
188,9,8,15
188,9,9,0
189,9,0,42
189,9,1,7
189,9,2,99
189,9,3,7
189,9,4,7
189,9,5,5
189,9,6,20
189,9,7,2
189,9,8,9
189,9,9,0
190,9,0,36
190,9,1,4
190,9,2,99
190,9,3,4
190,9,4,23
190,9,5,3
190,9,6,99
190,9,7,25
190,9,8,12
190,9,9,0
191,9,0,33
191,9,1,10
191,9,2,25
191,9,3,10
191,9,4,14
191,9,5,6
191,9,6,23
191,9,7,19
191,9,8,12
191,9,9,0
192,9,0,14
192,9,1,10
192,9,2,15
192,9,3,9
192,9,4,13
192,9,5,7
192,9,6,18
192,9,7,13
192,9,8,7
192,9,9,0
193,9,0,99
193,9,1,10
193,9,2,99
193,9,3,6
193,9,4,6
193,9,5,4
193,9,6,99
193,9,7,4
193,9,8,12
193,9,9,0
194,9,0,15
194,9,1,5
194,9,2,17
194,9,3,5
194,9,4,17
194,9,5,6
194,9,6,99
194,9,7,12
194,9,8,10
194,9,9,0
195,9,0,27
195,9,1,6
195,9,2,12
195,9,3,6
195,9,4,13
195,9,5,6
195,9,6,83
195,9,7,15
195,9,8,5
195,9,9,0
196,9,0,11
196,9,1,5
196,9,2,99
196,9,3,4
196,9,4,11
196,9,5,1
196,9,6,99
196,9,7,15
196,9,8,7
196,9,9,0
197,9,0,67
197,9,1,7
197,9,2,99
197,9,3,7
197,9,4,18
197,9,5,6
197,9,6,99
197,9,7,12
197,9,8,14
197,9,9,0
198,9,0,57
198,9,1,4
198,9,2,13
198,9,3,6
198,9,4,10
198,9,5,6
198,9,6,99
198,9,7,7
198,9,8,13
198,9,9,0
199,0,0,0
199,0,1,13
199,0,2,13
199,0,3,99
199,0,4,13
199,0,5,8
199,0,6,20
199,0,7,99
199,0,8,11
199,0,9,8
200,0,0,0
200,0,1,21
200,0,2,11
200,0,3,99
200,0,4,9
200,0,5,8
200,0,6,99
200,0,7,99
200,0,8,24
200,0,9,19
201,0,0,0
201,0,1,99
201,0,2,13
201,0,3,99
201,0,4,13
201,0,5,7
201,0,6,99
201,0,7,99
201,0,8,11
201,0,9,99
202,0,0,0
202,0,1,14
202,0,2,27
202,0,3,99
202,0,4,10
202,0,5,7
202,0,6,8
202,0,7,99
202,0,8,19
202,0,9,7
203,0,0,0
203,0,1,14
203,0,2,14
203,0,3,99
203,0,4,10
203,0,5,8
203,0,6,99
203,0,7,99
203,0,8,13
203,0,9,8
204,0,0,0
204,0,1,15
204,0,2,11
204,0,3,99
204,0,4,16
204,0,5,5
204,0,6,7
204,0,7,25
204,0,8,8
204,0,9,25
205,0,0,0
205,0,1,25
205,0,2,13
205,0,3,99
205,0,4,16
205,0,5,7
205,0,6,15
205,0,7,99
205,0,8,14
205,0,9,12
206,0,0,0
206,0,1,16
206,0,2,19
206,0,3,22
206,0,4,7
206,0,5,7
206,0,6,99
206,0,7,99
206,0,8,7
206,0,9,2
207,0,0,0
207,0,1,19
207,0,2,11
207,0,3,99
207,0,4,12
207,0,5,6
207,0,6,99
207,0,7,99
207,0,8,8
207,0,9,99
208,0,0,0
208,0,1,21
208,0,2,15
208,0,3,99
208,0,4,13
208,0,5,8
208,0,6,99
208,0,7,99
208,0,8,13
208,0,9,99
209,0,0,0
209,0,1,99
209,0,2,17
209,0,3,99
209,0,4,11
209,0,5,8
209,0,6,99
209,0,7,99
209,0,8,13
209,0,9,11
210,0,0,0
210,0,1,11
210,0,2,15
210,0,3,99
210,0,4,10
210,0,5,8
210,0,6,14
210,0,7,99
210,0,8,10
210,0,9,7
211,0,0,0
211,0,1,99
211,0,2,10
211,0,3,99
211,0,4,11
211,0,5,5
211,0,6,21
211,0,7,99
211,0,8,9
211,0,9,99
212,0,0,0
212,0,1,18
212,0,2,18
212,0,3,99
212,0,4,13
212,0,5,8
212,0,6,18
212,0,7,99
212,0,8,12
212,0,9,7
213,0,0,0
213,0,1,15
213,0,2,8
213,0,3,99
213,0,4,8
213,0,5,5
213,0,6,8
213,0,7,19
213,0,8,11
213,0,9,99
214,0,0,0
214,0,1,17
214,0,2,13
214,0,3,99
214,0,4,15
214,0,5,9
214,0,6,18
214,0,7,99
214,0,8,11
214,0,9,99
215,0,0,0
215,0,1,22
215,0,2,23
215,0,3,28
215,0,4,17
215,0,5,9
215,0,6,21
215,0,7,99
215,0,8,14
215,0,9,16
216,0,0,0
216,0,1,13
216,0,2,14
216,0,3,99
216,0,4,12
216,0,5,6
216,0,6,10
216,0,7,99
216,0,8,11
216,0,9,99
217,0,0,0
217,0,1,6
217,0,2,6
217,0,3,13
217,0,4,4
217,0,5,6
217,0,6,5
217,0,7,99
217,0,8,18
217,0,9,10
218,0,0,0
218,0,1,15
218,0,2,11
218,0,3,99
218,0,4,14
218,0,5,8
218,0,6,8
218,0,7,99
218,0,8,10
218,0,9,99
219,1,0,11
219,1,1,0
219,1,2,5
219,1,3,9
219,1,4,6
219,1,5,4
219,1,6,16
219,1,7,5
219,1,8,10
219,1,9,3
220,1,0,15
220,1,1,0
220,1,2,8
220,1,3,17
220,1,4,29
220,1,5,7
220,1,6,19
220,1,7,6
220,1,8,15
220,1,9,15
221,1,0,99
221,1,1,0
221,1,2,5
221,1,3,8
221,1,4,16
221,1,5,6
221,1,6,16
221,1,7,7
221,1,8,8
221,1,9,8
222,1,0,22
222,1,1,0
222,1,2,11
222,1,3,10
222,1,4,13
222,1,5,8
222,1,6,99
222,1,7,11
222,1,8,26
222,1,9,23
223,1,0,34
223,1,1,0
223,1,2,13
223,1,3,13
223,1,4,18
223,1,5,12
223,1,6,99
223,1,7,9
223,1,8,14
223,1,9,10
224,1,0,18
224,1,1,0
224,1,2,4
224,1,3,10
224,1,4,8
224,1,5,8
224,1,6,18
224,1,7,7
224,1,8,9
224,1,9,13
225,1,0,6
225,1,1,0
225,1,2,7
225,1,3,8
225,1,4,9
225,1,5,4
225,1,6,11
225,1,7,4
225,1,8,10
225,1,9,16
226,1,0,26
226,1,1,0
226,1,2,16
226,1,3,17
226,1,4,11
226,1,5,9
226,1,6,21
226,1,7,6
226,1,8,19
226,1,9,32
227,1,0,17
227,1,1,0
227,1,2,10
227,1,3,17
227,1,4,6
227,1,5,14
227,1,6,16
227,1,7,13
227,1,8,10
227,1,9,19
228,1,0,8
228,1,1,0
228,1,2,8
228,1,3,11
228,1,4,9
228,1,5,7
228,1,6,99
228,1,7,11
228,1,8,11
228,1,9,21
229,1,0,99
229,1,1,0
229,1,2,21
229,1,3,8
229,1,4,8
229,1,5,12
229,1,6,99
229,1,7,99
229,1,8,14
229,1,9,3
230,1,0,19
230,1,1,0
230,1,2,13
230,1,3,12
230,1,4,19
230,1,5,9
230,1,6,99
230,1,7,13
230,1,8,19
230,1,9,13
231,1,0,29
231,1,1,0
231,1,2,14
231,1,3,12
231,1,4,7
231,1,5,13
231,1,6,22
231,1,7,19
231,1,8,12
231,1,9,8
232,1,0,23
232,1,1,0
232,1,2,15
232,1,3,6
232,1,4,18
232,1,5,9
232,1,6,21
232,1,7,13
232,1,8,8
232,1,9,6
233,1,0,21
233,1,1,0
233,1,2,12
233,1,3,15
233,1,4,32
233,1,5,7
233,1,6,99
233,1,7,6
233,1,8,18
233,1,9,11
234,1,0,26
234,1,1,0
234,1,2,14
234,1,3,16
234,1,4,5
234,1,5,12
234,1,6,23
234,1,7,24
234,1,8,17
234,1,9,16
235,1,0,21
235,1,1,0
235,1,2,8
235,1,3,11
235,1,4,8
235,1,5,9
235,1,6,11
235,1,7,7
235,1,8,11
235,1,9,13
236,1,0,21
236,1,1,0
236,1,2,15
236,1,3,11
236,1,4,39
236,1,5,7
236,1,6,99
236,1,7,6
236,1,8,99
236,1,9,10
237,1,0,7
237,1,1,0
237,1,2,13
237,1,3,10
237,1,4,19
237,1,5,4
237,1,6,99
237,1,7,2
237,1,8,27
237,1,9,13
238,1,0,21
238,1,1,0
238,1,2,7
238,1,3,23
238,1,4,6
238,1,5,13
238,1,6,14
238,1,7,11
238,1,8,8
238,1,9,15
239,2,0,5
239,2,1,7
239,2,2,0
239,2,3,9
239,2,4,99
239,2,5,10
239,2,6,5
239,2,7,6
239,2,8,4
239,2,9,17
240,2,0,14
240,2,1,7
240,2,2,0
240,2,3,4
240,2,4,66
240,2,5,7
240,2,6,99
240,2,7,3
240,2,8,6
240,2,9,9
241,2,0,16
241,2,1,3
241,2,2,0
241,2,3,6
241,2,4,99
241,2,5,5
241,2,6,12
241,2,7,11
241,2,8,1
241,2,9,5
242,2,0,5
242,2,1,9
242,2,2,0
242,2,3,6
242,2,4,25
242,2,5,7
242,2,6,99
242,2,7,5
242,2,8,6
242,2,9,12
243,2,0,16
243,2,1,10
243,2,2,0
243,2,3,9
243,2,4,99
243,2,5,11
243,2,6,10
243,2,7,6
243,2,8,6
243,2,9,15
244,2,0,3
244,2,1,5
244,2,2,0
244,2,3,9
244,2,4,10
244,2,5,6
244,2,6,6
244,2,7,4
244,2,8,6
244,2,9,22
245,2,0,28
245,2,1,2
245,2,2,0
245,2,3,8
245,2,4,16
245,2,5,7
245,2,6,18
245,2,7,6
245,2,8,5
245,2,9,10
246,2,0,9
246,2,1,5
246,2,2,0
246,2,3,10
246,2,4,41
246,2,5,6
246,2,6,14
246,2,7,3
246,2,8,5
246,2,9,18
247,2,0,4
247,2,1,4
247,2,2,0
247,2,3,4
247,2,4,16
247,2,5,4
247,2,6,9
247,2,7,2
247,2,8,2
247,2,9,10
248,2,0,15
248,2,1,6
248,2,2,0
248,2,3,4
248,2,4,69
248,2,5,6
248,2,6,99
248,2,7,3
248,2,8,2
248,2,9,11
249,2,0,10
249,2,1,4
249,2,2,0
249,2,3,11
249,2,4,29
249,2,5,6
249,2,6,13
249,2,7,5
249,2,8,3
249,2,9,5
250,2,0,5
250,2,1,18
250,2,2,0
250,2,3,9
250,2,4,4
250,2,5,8
250,2,6,6
250,2,7,6
250,2,8,7
250,2,9,15
251,2,0,7
251,2,1,4
251,2,2,0
251,2,3,10
251,2,4,99
251,2,5,5
251,2,6,4
251,2,7,4
251,2,8,9
251,2,9,99
252,2,0,10
252,2,1,1
252,2,2,0
252,2,3,4
252,2,4,8
252,2,5,3
252,2,6,7
252,2,7,3
252,2,8,1
252,2,9,6
253,2,0,9
253,2,1,7
253,2,2,0
253,2,3,8
253,2,4,20
253,2,5,8
253,2,6,13
253,2,7,5
253,2,8,6
253,2,9,7
254,2,0,17
254,2,1,10
254,2,2,0
254,2,3,8
254,2,4,17
254,2,5,8
254,2,6,20
254,2,7,4
254,2,8,8
254,2,9,14
255,2,0,9
255,2,1,0
255,2,2,1
255,2,3,5
255,2,4,12
255,2,5,2
255,2,6,6
255,2,7,7
255,2,8,1
255,2,9,3
256,2,0,9
256,2,1,7
256,2,2,0
256,2,3,5
256,2,4,23
256,2,5,9
256,2,6,8
256,2,7,5
256,2,8,3
256,2,9,8
257,2,0,16
257,2,1,6
257,2,2,0
257,2,3,7
257,2,4,99
257,2,5,6
257,2,6,16
257,2,7,2
257,2,8,9
257,2,9,12
258,2,0,15
258,2,1,1
258,2,2,0
258,2,3,5
258,2,4,11
258,2,5,4
258,2,6,20
258,2,7,3
258,2,8,22
258,2,9,4
259,3,0,99
259,3,1,5
259,3,2,11
259,3,3,0
259,3,4,17
259,3,5,4
259,3,6,8
259,3,7,4
259,3,8,16
259,3,9,10
260,3,0,99
260,3,1,8
260,3,2,21
260,3,3,0
260,3,4,99
260,3,5,7
260,3,6,99
260,3,7,9
260,3,8,14
260,3,9,8
261,3,0,99
261,3,1,13
261,3,2,25
261,3,3,0
261,3,4,16
261,3,5,8
261,3,6,18
261,3,7,8
261,3,8,14
261,3,9,13
262,3,0,23
262,3,1,10
262,3,2,13
262,3,3,0
262,3,4,35
262,3,5,7
262,3,6,99
262,3,7,7
262,3,8,12
262,3,9,9
263,3,0,99
263,3,1,9
263,3,2,99
263,3,3,0
263,3,4,99
263,3,5,5
263,3,6,99
263,3,7,10
263,3,8,13
263,3,9,18
264,3,0,99
264,3,1,3
264,3,2,12
264,3,3,0
264,3,4,99
264,3,5,1
264,3,6,99
264,3,7,10
264,3,8,99
264,3,9,13
265,3,0,14
265,3,1,8
265,3,2,12
265,3,3,0
265,3,4,99
265,3,5,2
265,3,6,18
265,3,7,9
265,3,8,7
265,3,9,6
266,3,0,99
266,3,1,10
266,3,2,99
266,3,3,0
266,3,4,24
266,3,5,7
266,3,6,19
266,3,7,17
266,3,8,32
266,3,9,8
267,3,0,15
267,3,1,8
267,3,2,6
267,3,3,0
267,3,4,17
267,3,5,5
267,3,6,11
267,3,7,3
267,3,8,26
267,3,9,6
268,3,0,99
268,3,1,6
268,3,2,14
268,3,3,0
268,3,4,25
268,3,5,7
268,3,6,99
268,3,7,5
268,3,8,16
268,3,9,7
269,3,0,30
269,3,1,7
269,3,2,15
269,3,3,0
269,3,4,18
269,3,5,3
269,3,6,15
269,3,7,9
269,3,8,25
269,3,9,6
270,3,0,99
270,3,1,99
270,3,2,99
270,3,3,0
270,3,4,99
270,3,5,2
270,3,6,99
270,3,7,17
270,3,8,33
270,3,9,10
271,3,0,12
271,3,1,3
271,3,2,7
271,3,3,0
271,3,4,12
271,3,5,2
271,3,6,9
271,3,7,7
271,3,8,2
271,3,9,7
272,3,0,99
272,3,1,10
272,3,2,19
272,3,3,0
272,3,4,21
272,3,5,6
272,3,6,99
272,3,7,8
272,3,8,17
272,3,9,10
273,3,0,14
273,3,1,3
273,3,2,6
273,3,3,0
273,3,4,94
273,3,5,3
273,3,6,10
273,3,7,14
273,3,8,3
273,3,9,9
274,3,0,99
274,3,1,11
274,3,2,99
274,3,3,0
274,3,4,37
274,3,5,8
274,3,6,99
274,3,7,8
274,3,8,32
274,3,9,9
275,3,0,17
275,3,1,5
275,3,2,6
275,3,3,0
275,3,4,23
275,3,5,3
275,3,6,6
275,3,7,5
275,3,8,3
275,3,9,14
276,3,0,99
276,3,1,11
276,3,2,99
276,3,3,0
276,3,4,99
276,3,5,5
276,3,6,99
276,3,7,13
276,3,8,14
276,3,9,7
277,3,0,94
277,3,1,15
277,3,2,99
277,3,3,0
277,3,4,99
277,3,5,5
277,3,6,99
277,3,7,14
277,3,8,27
277,3,9,13
278,3,0,16
278,3,1,14
278,3,2,15
278,3,3,0
278,3,4,86
278,3,5,9
278,3,6,16
278,3,7,9
278,3,8,8
278,3,9,6
279,4,0,5
279,4,1,2
279,4,2,1
279,4,3,99
279,4,4,0
279,4,5,3
279,4,6,0
279,4,7,5
279,4,8,5
279,4,9,6
280,4,0,15
280,4,1,9
280,4,2,9
280,4,3,99
280,4,4,0
280,4,5,6
280,4,6,6
280,4,7,8
280,4,8,12
280,4,9,13
281,4,0,7
281,4,1,1
281,4,2,4
281,4,3,15
281,4,4,0
281,4,5,6
281,4,6,16
281,4,7,6
281,4,8,17
281,4,9,11
282,4,0,17
282,4,1,10
282,4,2,10
282,4,3,19
282,4,4,0
282,4,5,10
282,4,6,10
282,4,7,12
282,4,8,20
282,4,9,10
283,4,0,7
283,4,1,8
283,4,2,8
283,4,3,99
283,4,4,0
283,4,5,6
283,4,6,6
283,4,7,7
283,4,8,99
283,4,9,9
284,4,0,1
284,4,1,6
284,4,2,5
284,4,3,10
284,4,4,0
284,4,5,6
284,4,6,1
284,4,7,10
284,4,8,9
284,4,9,10
285,4,0,22
285,4,1,3
285,4,2,11
285,4,3,99
285,4,4,0
285,4,5,8
285,4,6,6
285,4,7,6
285,4,8,10
285,4,9,12
286,4,0,0
286,4,1,9
286,4,2,9
286,4,3,12
286,4,4,0
286,4,5,7
286,4,6,0
286,4,7,99
286,4,8,11
286,4,9,15
287,4,0,8
287,4,1,5
287,4,2,11
287,4,3,48
287,4,4,0
287,4,5,3
287,4,6,8
287,4,7,12
287,4,8,99
287,4,9,5
288,4,0,21
288,4,1,9
288,4,2,10
288,4,3,24
288,4,4,0
288,4,5,8
288,4,6,8
288,4,7,8
288,4,8,21
288,4,9,9
289,4,0,11
289,4,1,6
289,4,2,21
289,4,3,11
289,4,4,0
289,4,5,3
289,4,6,10
289,4,7,3
289,4,8,11
289,4,9,2
290,4,0,9
290,4,1,13
290,4,2,13
290,4,3,99
290,4,4,0
290,4,5,10
290,4,6,8
290,4,7,12
290,4,8,15
290,4,9,20
291,4,0,17
291,4,1,8
291,4,2,11
291,4,3,53
291,4,4,0
291,4,5,9
291,4,6,9
291,4,7,10
291,4,8,15
291,4,9,14
292,4,0,11
292,4,1,12
292,4,2,15
292,4,3,99
292,4,4,0
292,4,5,10
292,4,6,7
292,4,7,20
292,4,8,16
292,4,9,12
293,4,0,8
293,4,1,7
293,4,2,6
293,4,3,11
293,4,4,0
293,4,5,9
293,4,6,11
293,4,7,5
293,4,8,8
293,4,9,6
294,4,0,14
294,4,1,8
294,4,2,4
294,4,3,99
294,4,4,0
294,4,5,6
294,4,6,6
294,4,7,4
294,4,8,9
294,4,9,12
295,4,0,20
295,4,1,8
295,4,2,7
295,4,3,20
295,4,4,0
295,4,5,7
295,4,6,7
295,4,7,7
295,4,8,99
295,4,9,8
296,4,0,4
296,4,1,4
296,4,2,5
296,4,3,11
296,4,4,0
296,4,5,8
296,4,6,5
296,4,7,7
296,4,8,4
296,4,9,4
297,4,0,10
297,4,1,16
297,4,2,13
297,4,3,46
297,4,4,0
297,4,5,9
297,4,6,6
297,4,7,11
297,4,8,17
297,4,9,22
298,4,0,20
298,4,1,8
298,4,2,11
298,4,3,99
298,4,4,0
298,4,5,10
298,4,6,9
298,4,7,19
298,4,8,15
298,4,9,15
299,5,0,22
299,5,1,99
299,5,2,99
299,5,3,19
299,5,4,16
299,5,5,0
299,5,6,99
299,5,7,99
299,5,8,18
299,5,9,5
300,5,0,99
300,5,1,99
300,5,2,99
300,5,3,4
300,5,4,99
300,5,5,0
300,5,6,99
300,5,7,99
300,5,8,12
300,5,9,6
301,5,0,30
301,5,1,19
301,5,2,17
301,5,3,8
301,5,4,12
301,5,5,0
301,5,6,16
301,5,7,14
301,5,8,99
301,5,9,7
302,5,0,55
302,5,1,99
302,5,2,99
302,5,3,13
302,5,4,15
302,5,5,0
302,5,6,99
302,5,7,17
302,5,8,22
302,5,9,8
303,5,0,9
303,5,1,9
303,5,2,7
303,5,3,9
303,5,4,13
303,5,5,0
303,5,6,3
303,5,7,14
303,5,8,6
303,5,9,9
304,5,0,99
304,5,1,20
304,5,2,99
304,5,3,8
304,5,4,18
304,5,5,0
304,5,6,99
304,5,7,99
304,5,8,29
304,5,9,5
305,5,0,32
305,5,1,99
305,5,2,99
305,5,3,14
305,5,4,12
305,5,5,0
305,5,6,99
305,5,7,99
305,5,8,99
305,5,9,8
306,5,0,28
306,5,1,99
306,5,2,99
306,5,3,13
306,5,4,15
306,5,5,0
306,5,6,13
306,5,7,99
306,5,8,25
306,5,9,10
307,5,0,99
307,5,1,13
307,5,2,99
307,5,3,3
307,5,4,13
307,5,5,0
307,5,6,10
307,5,7,24
307,5,8,33
307,5,9,4
308,5,0,32
308,5,1,11
308,5,2,21
308,5,3,8
308,5,4,8
308,5,5,0
308,5,6,12
308,5,7,12
308,5,8,99
308,5,9,8
309,5,0,22
309,5,1,99
309,5,2,99
309,5,3,10
309,5,4,22
309,5,5,0
309,5,6,99
309,5,7,99
309,5,8,99
309,5,9,9
310,5,0,19
310,5,1,99
310,5,2,21
310,5,3,13
310,5,4,12
310,5,5,0
310,5,6,12
310,5,7,99
310,5,8,14
310,5,9,11
311,5,0,7
311,5,1,99
311,5,2,12
311,5,3,99
311,5,4,99
311,5,5,0
311,5,6,5
311,5,7,20
311,5,8,2
311,5,9,7
312,5,0,21
312,5,1,99
312,5,2,99
312,5,3,9
312,5,4,99
312,5,5,0
312,5,6,99
312,5,7,99
312,5,8,15
312,5,9,4
313,5,0,23
313,5,1,99
313,5,2,11
313,5,3,3
313,5,4,18
313,5,5,0
313,5,6,15
313,5,7,7
313,5,8,99
313,5,9,7
314,5,0,99
314,5,1,13
314,5,2,99
314,5,3,6
314,5,4,21
314,5,5,0
314,5,6,99
314,5,7,99
314,5,8,26
314,5,9,5
315,5,0,14
315,5,1,6
315,5,2,13
315,5,3,29
315,5,4,23
315,5,5,0
315,5,6,6
315,5,7,17
315,5,8,3
315,5,9,6
316,5,0,60
316,5,1,10
316,5,2,99
316,5,3,5
316,5,4,14
316,5,5,0
316,5,6,99
316,5,7,99
316,5,8,19
316,5,9,4
317,5,0,24
317,5,1,99
317,5,2,11
317,5,3,23
317,5,4,9
317,5,5,0
317,5,6,10
317,5,7,99
317,5,8,37
317,5,9,9
318,5,0,99
318,5,1,99
318,5,2,19
318,5,3,11
318,5,4,21
318,5,5,0
318,5,6,8
318,5,7,33
318,5,8,11
318,5,9,12
319,6,0,5
319,6,1,99
319,6,2,7
319,6,3,99
319,6,4,11
319,6,5,6
319,6,6,0
319,6,7,99
319,6,8,8
319,6,9,22
320,6,0,9
320,6,1,99
320,6,2,2
320,6,3,99
320,6,4,11
320,6,5,1
320,6,6,0
320,6,7,25
320,6,8,3
320,6,9,99
321,6,0,12
321,6,1,10
321,6,2,5
321,6,3,45
321,6,4,13
321,6,5,4
321,6,6,0
321,6,7,10
321,6,8,7
321,6,9,21
322,6,0,5
322,6,1,16
322,6,2,6
322,6,3,99
322,6,4,8
322,6,5,7
322,6,6,0
322,6,7,26
322,6,8,8
322,6,9,37
323,6,0,4
323,6,1,99
323,6,2,5
323,6,3,99
323,6,4,11
323,6,5,4
323,6,6,0
323,6,7,30
323,6,8,9
323,6,9,24
324,6,0,18
324,6,1,5
324,6,2,8
324,6,3,3
324,6,4,7
324,6,5,1
324,6,6,0
324,6,7,2
324,6,8,2
324,6,9,21
325,6,0,8
325,6,1,7
325,6,2,4
325,6,3,6
325,6,4,12
325,6,5,2
325,6,6,0
325,6,7,6
325,6,8,5
325,6,9,12
326,6,0,9
326,6,1,11
326,6,2,8
326,6,3,99
326,6,4,6
326,6,5,7
326,6,6,0
326,6,7,10
326,6,8,12
326,6,9,29
327,6,0,3
327,6,1,99
327,6,2,4
327,6,3,99
327,6,4,11
327,6,5,4
327,6,6,0
327,6,7,99
327,6,8,7
327,6,9,22
328,6,0,5
328,6,1,12
328,6,2,7
328,6,3,99
328,6,4,10
328,6,5,6
328,6,6,0
328,6,7,16
328,6,8,11
328,6,9,16
329,6,0,5
329,6,1,99
329,6,2,8
329,6,3,19
329,6,4,19
329,6,5,6
329,6,6,0
329,6,7,11
329,6,8,11
329,6,9,21
330,6,0,8
330,6,1,99
330,6,2,4
330,6,3,99
330,6,4,15
330,6,5,4
330,6,6,0
330,6,7,99
330,6,8,4
330,6,9,99
331,6,0,21
331,6,1,99
331,6,2,6
331,6,3,99
331,6,4,7
331,6,5,6
331,6,6,0
331,6,7,33
331,6,8,7
331,6,9,17
332,6,0,13
332,6,1,12
332,6,2,4
332,6,3,99
332,6,4,10
332,6,5,4
332,6,6,0
332,6,7,15
332,6,8,4
332,6,9,20
333,6,0,10
333,6,1,6
333,6,2,3
333,6,3,17
333,6,4,6
333,6,5,2
333,6,6,0
333,6,7,6
333,6,8,3
333,6,9,99
334,6,0,22
334,6,1,11
334,6,2,3
334,6,3,99
334,6,4,6
334,6,5,2
334,6,6,0
334,6,7,47
334,6,8,3
334,6,9,99
335,6,0,6
335,6,1,99
335,6,2,10
335,6,3,99
335,6,4,13
335,6,5,8
335,6,6,0
335,6,7,29
335,6,8,15
335,6,9,99
336,6,0,12
336,6,1,99
336,6,2,10
336,6,3,99
336,6,4,13
336,6,5,5
336,6,6,0
336,6,7,43
336,6,8,11
336,6,9,99
337,6,0,10
337,6,1,99
337,6,2,4
337,6,3,99
337,6,4,7
337,6,5,3
337,6,6,0
337,6,7,30
337,6,8,4
337,6,9,99
338,6,0,12
338,6,1,99
338,6,2,7
338,6,3,11
338,6,4,39
338,6,5,3
338,6,6,0
338,6,7,27
338,6,8,11
338,6,9,24
339,7,0,99
339,7,1,9
339,7,2,99
339,7,3,7
339,7,4,99
339,7,5,11
339,7,6,18
339,7,7,0
339,7,8,18
339,7,9,12
340,7,0,10
340,7,1,2
340,7,2,10
340,7,3,12
340,7,4,12
340,7,5,4
340,7,6,22
340,7,7,0
340,7,8,12
340,7,9,7
341,7,0,10
341,7,1,3
341,7,2,5
341,7,3,5
341,7,4,16
341,7,5,7
341,7,6,11
341,7,7,0
341,7,8,4
341,7,9,8
342,7,0,13
342,7,1,9
342,7,2,7
342,7,3,7
342,7,4,13
342,7,5,6
342,7,6,6
342,7,7,0
342,7,8,9
342,7,9,16
343,7,0,99
343,7,1,6
343,7,2,31
343,7,3,15
343,7,4,27
343,7,5,13
343,7,6,20
343,7,7,0
343,7,8,11
343,7,9,19
344,7,0,12
344,7,1,8
344,7,2,7
344,7,3,8
344,7,4,12
344,7,5,4
344,7,6,7
344,7,7,0
344,7,8,4
344,7,9,17
345,7,0,11
345,7,1,5
345,7,2,7
345,7,3,5
345,7,4,99
345,7,5,5
345,7,6,10
345,7,7,0
345,7,8,4
345,7,9,7
346,7,0,99
346,7,1,10
346,7,2,48
346,7,3,9
346,7,4,47
346,7,5,7
346,7,6,16
346,7,7,0
346,7,8,10
346,7,9,13
347,7,0,18
347,7,1,2
347,7,2,8
347,7,3,13
347,7,4,5
347,7,5,11
347,7,6,10
347,7,7,0
347,7,8,9
347,7,9,7
348,7,0,99
348,7,1,8
348,7,2,99
348,7,3,7
348,7,4,18
348,7,5,7
348,7,6,16
348,7,7,0
348,7,8,11
348,7,9,14
349,7,0,99
349,7,1,6
349,7,2,19
349,7,3,5
349,7,4,26
349,7,5,7
349,7,6,20
349,7,7,0
349,7,8,8
349,7,9,10
350,7,0,99
350,7,1,8
350,7,2,13
350,7,3,9
350,7,4,31
350,7,5,10
350,7,6,29
350,7,7,0
350,7,8,13
350,7,9,14
351,7,0,99
351,7,1,3
351,7,2,99
351,7,3,7
351,7,4,11
351,7,5,9
351,7,6,14
351,7,7,0
351,7,8,10
351,7,9,11
352,7,0,99
352,7,1,1
352,7,2,12
352,7,3,8
352,7,4,99
352,7,5,2
352,7,6,8
352,7,7,0
352,7,8,2
352,7,9,10
353,7,0,99
353,7,1,10
353,7,2,17
353,7,3,7
353,7,4,99
353,7,5,7
353,7,6,10
353,7,7,0
353,7,8,8
353,7,9,17
354,7,0,10
354,7,1,3
354,7,2,6
354,7,3,4
354,7,4,6
354,7,5,4
354,7,6,5
354,7,7,0
354,7,8,4
354,7,9,31
355,7,0,99
355,7,1,9
355,7,2,20
355,7,3,4
355,7,4,99
355,7,5,5
355,7,6,16
355,7,7,0
355,7,8,8
355,7,9,12
356,7,0,99
356,7,1,7
356,7,2,99
356,7,3,11
356,7,4,9
356,7,5,8
356,7,6,13
356,7,7,0
356,7,8,10
356,7,9,10
357,7,0,99
357,7,1,7
357,7,2,19
357,7,3,7
357,7,4,99
357,7,5,6
357,7,6,20
357,7,7,0
357,7,8,7
357,7,9,17
358,7,0,99
358,7,1,1
358,7,2,99
358,7,3,6
358,7,4,99
358,7,5,2
358,7,6,99
358,7,7,0
358,7,8,14
358,7,9,7
359,8,0,7
359,8,1,6
359,8,2,5
359,8,3,8
359,8,4,12
359,8,5,12
359,8,6,7
359,8,7,8
359,8,8,0
359,8,9,7
360,8,0,20
360,8,1,5
360,8,2,5
360,8,3,21
360,8,4,20
360,8,5,8
360,8,6,10
360,8,7,18
360,8,8,0
360,8,9,11
361,8,0,28
361,8,1,5
361,8,2,6
361,8,3,25
361,8,4,99
361,8,5,7
361,8,6,11
361,8,7,17
361,8,8,0
361,8,9,9
362,8,0,26
362,8,1,4
362,8,2,5
362,8,3,4
362,8,4,14
362,8,5,5
362,8,6,3
362,8,7,4
362,8,8,0
362,8,9,3
363,8,0,6
363,8,1,2
363,8,2,5
363,8,3,2
363,8,4,22
363,8,5,5
363,8,6,12
363,8,7,2
363,8,8,0
363,8,9,3
364,8,0,24
364,8,1,7
364,8,2,5
364,8,3,13
364,8,4,99
364,8,5,4
364,8,6,7
364,8,7,19
364,8,8,0
364,8,9,5
365,8,0,29
365,8,1,6
365,8,2,5
365,8,3,7
365,8,4,24
365,8,5,4
365,8,6,6
365,8,7,5
365,8,8,0
365,8,9,7
366,8,0,12
366,8,1,4
366,8,2,8
366,8,3,5
366,8,4,42
366,8,5,6
366,8,6,11
366,8,7,4
366,8,8,0
366,8,9,5
367,8,0,9
367,8,1,4
367,8,2,10
367,8,3,23
367,8,4,39
367,8,5,8
367,8,6,16
367,8,7,4
367,8,8,0
367,8,9,15
368,8,0,25
368,8,1,6
368,8,2,5
368,8,3,5
368,8,4,99
368,8,5,6
368,8,6,15
368,8,7,4
368,8,8,0
368,8,9,6
369,8,0,8
369,8,1,2
369,8,2,12
369,8,3,6
369,8,4,11
369,8,5,2
369,8,6,4
369,8,7,5
369,8,8,0
369,8,9,5
370,8,0,22
370,8,1,10
370,8,2,8
370,8,3,9
370,8,4,99
370,8,5,10
370,8,6,6
370,8,7,16
370,8,8,0
370,8,9,8
371,8,0,13
371,8,1,3
371,8,2,3
371,8,3,12
371,8,4,16
371,8,5,4
371,8,6,9
371,8,7,9
371,8,8,0
371,8,9,5
372,8,0,16
372,8,1,8
372,8,2,3
372,8,3,12
372,8,4,12
372,8,5,7
372,8,6,4
372,8,7,10
372,8,8,0
372,8,9,8
373,8,0,18
373,8,1,8
373,8,2,8
373,8,3,7
373,8,4,99
373,8,5,8
373,8,6,8
373,8,7,19
373,8,8,0
373,8,9,11
374,8,0,14
374,8,1,6
374,8,2,5
374,8,3,6
374,8,4,49
374,8,5,7
374,8,6,7
374,8,7,13
374,8,8,0
374,8,9,7
375,8,0,8
375,8,1,8
375,8,2,3
375,8,3,9
375,8,4,13
375,8,5,10
375,8,6,8
375,8,7,9
375,8,8,0
375,8,9,13
376,8,0,20
376,8,1,7
376,8,2,9
376,8,3,3
376,8,4,19
376,8,5,5
376,8,6,9
376,8,7,17
376,8,8,0
376,8,9,4
377,8,0,10
377,8,1,6
377,8,2,9
377,8,3,4
377,8,4,25
377,8,5,6
377,8,6,7
377,8,7,9
377,8,8,0
377,8,9,6
378,9,0,51
378,9,1,5
378,9,2,16
378,9,3,9
378,9,4,14
378,9,5,3
378,9,6,99
378,9,7,11
378,9,8,10
378,9,9,0
379,9,0,31
379,9,1,2
379,9,2,9
379,9,3,2
379,9,4,6
379,9,5,3
379,9,6,26
379,9,7,3
379,9,8,11
379,9,9,0
380,9,0,4
380,9,1,2
380,9,2,10
380,9,3,4
380,9,4,21
380,9,5,4
380,9,6,99
380,9,7,8
380,9,8,2
380,9,9,0
381,9,0,4
381,9,1,3
381,9,2,3
381,9,3,2
381,9,4,14
381,9,5,1
381,9,6,6
381,9,7,5
381,9,8,1
381,9,9,0
382,9,0,34
382,9,1,3
382,9,2,18
382,9,3,7
382,9,4,3
382,9,5,4
382,9,6,20
382,9,7,3
382,9,8,9
382,9,9,0
383,9,0,99
383,9,1,7
383,9,2,47
383,9,3,13
383,9,4,12
383,9,5,6
383,9,6,99
383,9,7,31
383,9,8,10
383,9,9,0
384,9,0,33
384,9,1,4
384,9,2,14
384,9,3,1
384,9,4,99
384,9,5,4
384,9,6,20
384,9,7,12
384,9,8,6
384,9,9,0
385,9,0,99
385,9,1,7
385,9,2,27
385,9,3,3
385,9,4,99
385,9,5,4
385,9,6,99
385,9,7,20
385,9,8,12
385,9,9,0
386,9,0,99
386,9,1,3
386,9,2,30
386,9,3,12
386,9,4,7
386,9,5,6
386,9,6,99
386,9,7,12
386,9,8,7
386,9,9,0
387,9,0,56
387,9,1,1
387,9,2,12
387,9,3,5
387,9,4,7
387,9,5,6
387,9,6,99
387,9,7,5
387,9,8,13
387,9,9,0
388,9,0,8
388,9,1,6
388,9,2,25
388,9,3,9
388,9,4,7
388,9,5,8
388,9,6,20
388,9,7,8
388,9,8,7
388,9,9,0
389,9,0,9
389,9,1,6
389,9,2,7
389,9,3,12
389,9,4,6
389,9,5,4
389,9,6,11
389,9,7,18
389,9,8,9
389,9,9,0
390,9,0,12
390,9,1,8
390,9,2,19
390,9,3,8
390,9,4,5
390,9,5,5
390,9,6,10
390,9,7,6
390,9,8,11
390,9,9,0
391,9,0,22
391,9,1,0
391,9,2,6
391,9,3,12
391,9,4,15
391,9,5,3
391,9,6,16
391,9,7,9
391,9,8,9
391,9,9,0
392,9,0,89
392,9,1,8
392,9,2,99
392,9,3,8
392,9,4,17
392,9,5,6
392,9,6,99
392,9,7,7
392,9,8,12
392,9,9,0
393,9,0,23
393,9,1,2
393,9,2,39
393,9,3,5
393,9,4,8
393,9,5,2
393,9,6,99
393,9,7,9
393,9,8,4
393,9,9,0
394,9,0,34
394,9,1,12
394,9,2,18
394,9,3,8
394,9,4,20
394,9,5,10
394,9,6,99
394,9,7,15
394,9,8,11
394,9,9,0
395,9,0,31
395,9,1,9
395,9,2,19
395,9,3,2
395,9,4,22
395,9,5,4
395,9,6,99
395,9,7,20
395,9,8,8
395,9,9,0
396,9,0,38
396,9,1,5
396,9,2,99
396,9,3,7
396,9,4,12
396,9,5,3
396,9,6,99
396,9,7,12
396,9,8,14
396,9,9,0
397,9,0,16
397,9,1,4
397,9,2,22
397,9,3,3
397,9,4,13
397,9,5,2
397,9,6,99
397,9,7,10
397,9,8,7
397,9,9,0
398,0,0,0
398,0,1,99
398,0,2,12
398,0,3,99
398,0,4,10
398,0,5,7
398,0,6,37
398,0,7,99
398,0,8,10
398,0,9,99
399,0,0,0
399,0,1,8
399,0,2,5
399,0,3,12
399,0,4,7
399,0,5,5
399,0,6,3
399,0,7,10
399,0,8,8
399,0,9,8
400,0,0,0
400,0,1,99
400,0,2,14
400,0,3,99
400,0,4,13
400,0,5,6
400,0,6,9
400,0,7,99
400,0,8,14
400,0,9,6
401,0,0,0
401,0,1,15
401,0,2,6
401,0,3,15
401,0,4,5
401,0,5,3
401,0,6,11
401,0,7,19
401,0,8,7
401,0,9,8
402,0,0,0
402,0,1,16
402,0,2,11
402,0,3,99
402,0,4,11
402,0,5,7
402,0,6,19
402,0,7,99
402,0,8,11
402,0,9,11
403,0,0,0
403,0,1,8
403,0,2,9
403,0,3,99
403,0,4,4
403,0,5,8
403,0,6,12
403,0,7,13
403,0,8,10
403,0,9,13
404,0,0,0
404,0,1,28
404,0,2,16
404,0,3,99
404,0,4,14
404,0,5,8
404,0,6,99
404,0,7,99
404,0,8,12
404,0,9,8
405,0,0,0
405,0,1,13
405,0,2,10
405,0,3,99
405,0,4,8
405,0,5,6
405,0,6,11
405,0,7,99
405,0,8,12
405,0,9,99
406,0,0,0
406,0,1,99
406,0,2,17
406,0,3,99
406,0,4,12
406,0,5,7
406,0,6,17
406,0,7,99
406,0,8,11
406,0,9,7
407,0,0,0
407,0,1,99
407,0,2,8
407,0,3,99
407,0,4,11
407,0,5,4
407,0,6,9
407,0,7,99
407,0,8,16
407,0,9,99
408,0,0,0
408,0,1,23
408,0,2,14
408,0,3,99
408,0,4,13
408,0,5,9
408,0,6,99
408,0,7,99
408,0,8,15
408,0,9,9
409,0,0,0
409,0,1,21
409,0,2,14
409,0,3,99
409,0,4,14
409,0,5,7
409,0,6,99
409,0,7,99
409,0,8,10
409,0,9,7
410,0,0,0
410,0,1,19
410,0,2,13
410,0,3,99
410,0,4,13
410,0,5,8
410,0,6,99
410,0,7,99
410,0,8,13
410,0,9,9
411,0,0,0
411,0,1,18
411,0,2,13
411,0,3,99
411,0,4,11
411,0,5,8
411,0,6,99
411,0,7,99
411,0,8,10
411,0,9,8
412,0,0,0
412,0,1,14
412,0,2,8
412,0,3,99
412,0,4,6
412,0,5,4
412,0,6,9
412,0,7,99
412,0,8,8
412,0,9,99
413,0,0,0
413,0,1,99
413,0,2,13
413,0,3,99
413,0,4,9
413,0,5,7
413,0,6,99
413,0,7,99
413,0,8,14
413,0,9,7
414,0,0,0
414,0,1,21
414,0,2,12
414,0,3,99
414,0,4,20
414,0,5,6
414,0,6,99
414,0,7,99
414,0,8,14
414,0,9,6
415,0,0,0
415,0,1,7
415,0,2,8
415,0,3,40
415,0,4,4
415,0,5,8
415,0,6,99
415,0,7,11
415,0,8,9
415,0,9,6
416,0,0,0
416,0,1,10
416,0,2,13
416,0,3,99
416,0,4,11
416,0,5,7
416,0,6,99
416,0,7,99
416,0,8,13
416,0,9,12
417,0,0,0
417,0,1,23
417,0,2,15
417,0,3,99
417,0,4,14
417,0,5,10
417,0,6,99
417,0,7,99
417,0,8,16
417,0,9,10
418,1,0,1
418,1,1,0
418,1,2,4
418,1,3,99
418,1,4,99
418,1,5,2
418,1,6,99
418,1,7,12
418,1,8,10
418,1,9,12
419,1,0,10
419,1,1,0
419,1,2,1
419,1,3,11
419,1,4,16
419,1,5,8
419,1,6,13
419,1,7,6
419,1,8,11
419,1,9,13
420,1,0,35
420,1,1,0
420,1,2,15
420,1,3,9
420,1,4,14
420,1,5,11
420,1,6,20
420,1,7,14
420,1,8,10
420,1,9,9
421,1,0,15
421,1,1,0
421,1,2,5
421,1,3,14
421,1,4,9
421,1,5,11
421,1,6,11
421,1,7,8
421,1,8,7
421,1,9,11
422,1,0,14
422,1,1,0
422,1,2,5
422,1,3,14
422,1,4,29
422,1,5,3
422,1,6,10
422,1,7,9
422,1,8,13
422,1,9,14
423,1,0,99
423,1,1,0
423,1,2,8
423,1,3,9
423,1,4,8
423,1,5,3
423,1,6,99
423,1,7,5
423,1,8,15
423,1,9,4
424,1,0,22
424,1,1,0
424,1,2,12
424,1,3,16
424,1,4,11
424,1,5,8
424,1,6,99
424,1,7,11
424,1,8,11
424,1,9,9
425,1,0,99
425,1,1,0
425,1,2,11
425,1,3,12
425,1,4,16
425,1,5,9
425,1,6,27
425,1,7,11
425,1,8,13
425,1,9,10
426,1,0,25
426,1,1,0
426,1,2,12
426,1,3,16
426,1,4,38
426,1,5,6
426,1,6,99
426,1,7,4
426,1,8,18
426,1,9,10
427,1,0,18
427,1,1,0
427,1,2,8
427,1,3,15
427,1,4,27
427,1,5,6
427,1,6,99
427,1,7,10
427,1,8,20
427,1,9,17
428,1,0,11
428,1,1,0
428,1,2,18
428,1,3,11
428,1,4,11
428,1,5,11
428,1,6,99
428,1,7,9
428,1,8,14
428,1,9,4
429,1,0,22
429,1,1,0
429,1,2,9
429,1,3,11
429,1,4,39
429,1,5,7
429,1,6,46
429,1,7,5
429,1,8,12
429,1,9,8
430,1,0,20
430,1,1,0
430,1,2,12
430,1,3,17
430,1,4,29
430,1,5,10
430,1,6,21
430,1,7,12
430,1,8,16
430,1,9,16
431,1,0,99
431,1,1,0
431,1,2,5
431,1,3,10
431,1,4,28
431,1,5,5
431,1,6,21
431,1,7,6
431,1,8,11
431,1,9,16
432,1,0,13
432,1,1,0
432,1,2,11
432,1,3,18
432,1,4,17
432,1,5,13
432,1,6,18
432,1,7,8
432,1,8,12
432,1,9,21
433,1,0,23
433,1,1,0
433,1,2,13
433,1,3,13
433,1,4,7
433,1,5,6
433,1,6,99
433,1,7,6
433,1,8,12
433,1,9,7
434,1,0,20
434,1,1,0
434,1,2,4
434,1,3,7
434,1,4,7
434,1,5,6
434,1,6,10
434,1,7,12
434,1,8,9
434,1,9,22
435,1,0,31
435,1,1,0
435,1,2,20
435,1,3,15
435,1,4,26
435,1,5,13
435,1,6,32
435,1,7,7
435,1,8,9
435,1,9,6
436,1,0,9
436,1,1,0
436,1,2,9
436,1,3,11
436,1,4,11
436,1,5,6
436,1,6,14
436,1,7,5
436,1,8,15
436,1,9,14
437,1,0,21
437,1,1,0
437,1,2,3
437,1,3,7
437,1,4,17
437,1,5,3
437,1,6,15
437,1,7,4
437,1,8,13
437,1,9,15
438,1,0,20
438,1,1,0
438,1,2,2
438,1,3,9
438,1,4,18
438,1,5,6
438,1,6,9
438,1,7,2
438,1,8,6
438,1,9,13
439,2,0,17
439,2,1,5
439,2,2,0
439,2,3,11
439,2,4,72
439,2,5,6
439,2,6,12
439,2,7,4
439,2,8,12
439,2,9,14
440,2,0,8
440,2,1,1
440,2,2,0
440,2,3,17
440,2,4,11
440,2,5,1
440,2,6,5
440,2,7,6
440,2,8,7
440,2,9,6
441,2,0,4
441,2,1,6
441,2,2,0
441,2,3,9
441,2,4,36
441,2,5,8
441,2,6,9
441,2,7,15
441,2,8,5
441,2,9,14
442,2,0,15
442,2,1,7
442,2,2,0
442,2,3,9
442,2,4,63
442,2,5,9
442,2,6,99
442,2,7,6
442,2,8,7
442,2,9,13
443,2,0,14
443,2,1,8
443,2,2,0
443,2,3,7
443,2,4,56
443,2,5,7
443,2,6,12
443,2,7,6
443,2,8,5
443,2,9,13
444,2,0,6
444,2,1,3
444,2,2,0
444,2,3,6
444,2,4,99
444,2,5,5
444,2,6,14
444,2,7,3
444,2,8,6
444,2,9,6
445,2,0,13
445,2,1,2
445,2,2,0
445,2,3,3
445,2,4,53
445,2,5,4
445,2,6,7
445,2,7,10
445,2,8,1
445,2,9,8
446,2,0,18
446,2,1,10
446,2,2,0
446,2,3,18
446,2,4,99
446,2,5,10
446,2,6,99
446,2,7,9
446,2,8,12
446,2,9,19
447,2,0,2
447,2,1,9
447,2,2,0
447,2,3,8
447,2,4,21
447,2,5,7
447,2,6,16
447,2,7,9
447,2,8,4
447,2,9,8
448,2,0,8
448,2,1,5
448,2,2,0
448,2,3,14
448,2,4,13
448,2,5,8
448,2,6,99
448,2,7,7
448,2,8,5
448,2,9,14
449,2,0,7
449,2,1,5
449,2,2,0
449,2,3,6
449,2,4,17
449,2,5,8
449,2,6,5
449,2,7,6
449,2,8,4
449,2,9,12
450,2,0,10
450,2,1,9
450,2,2,0
450,2,3,7
450,2,4,22
450,2,5,9
450,2,6,8
450,2,7,5
450,2,8,5
450,2,9,13
451,2,0,8
451,2,1,7
451,2,2,0
451,2,3,6
451,2,4,46
451,2,5,10
451,2,6,99
451,2,7,6
451,2,8,4
451,2,9,27
452,2,0,7
452,2,1,2
452,2,2,0
452,2,3,6
452,2,4,99
452,2,5,4
452,2,6,5
452,2,7,3
452,2,8,3
452,2,9,7
453,2,0,11
453,2,1,6
453,2,2,0
453,2,3,10
453,2,4,99
453,2,5,8
453,2,6,13
453,2,7,6
453,2,8,5
453,2,9,10
454,2,0,8
454,2,1,0
454,2,2,0
454,2,3,6
454,2,4,10
454,2,5,2
454,2,6,9
454,2,7,3
454,2,8,3
454,2,9,4
455,2,0,8
455,2,1,5
455,2,2,0
455,2,3,13
455,2,4,12
455,2,5,11
455,2,6,10
455,2,7,6
455,2,8,8
455,2,9,15
456,2,0,10
456,2,1,5
456,2,2,0
456,2,3,9
456,2,4,64
456,2,5,9
456,2,6,13
456,2,7,7
456,2,8,7
456,2,9,13
457,2,0,8
457,2,1,7
457,2,2,0
457,2,3,8
457,2,4,99
457,2,5,7
457,2,6,7
457,2,7,3
457,2,8,8
457,2,9,12
458,3,0,99
458,3,1,11
458,3,2,20
458,3,3,0
458,3,4,27
458,3,5,7
458,3,6,99
458,3,7,11
458,3,8,9
458,3,9,2
459,3,0,10
459,3,1,2
459,3,2,10
459,3,3,0
459,3,4,32
459,3,5,0
459,3,6,10
459,3,7,9
459,3,8,3
459,3,9,2
460,3,0,15
460,3,1,7
460,3,2,7
460,3,3,0
460,3,4,16
460,3,5,3
460,3,6,7
460,3,7,14
460,3,8,7
460,3,9,22
461,3,0,23
461,3,1,8
461,3,2,10
461,3,3,0
461,3,4,16
461,3,5,1
461,3,6,9
461,3,7,9
461,3,8,1
461,3,9,1
462,3,0,99
462,3,1,7
462,3,2,24
462,3,3,0
462,3,4,99
462,3,5,4
462,3,6,99
462,3,7,8
462,3,8,14
462,3,9,11
463,3,0,12
463,3,1,10
463,3,2,10
463,3,3,0
463,3,4,23
463,3,5,4
463,3,6,13
463,3,7,14
463,3,8,9
463,3,9,15
464,3,0,99
464,3,1,9
464,3,2,99
464,3,3,0
464,3,4,21
464,3,5,6
464,3,6,20
464,3,7,15
464,3,8,37
464,3,9,13
465,3,0,15
465,3,1,4
465,3,2,99
465,3,3,0
465,3,4,15
465,3,5,2
465,3,6,99
465,3,7,7
465,3,8,9
465,3,9,1
466,3,0,99
466,3,1,13
466,3,2,9
466,3,3,0
466,3,4,99
466,3,5,8
466,3,6,99
466,3,7,6
466,3,8,24
466,3,9,13
467,3,0,99
467,3,1,8
467,3,2,99
467,3,3,0
467,3,4,25
467,3,5,5
467,3,6,99
467,3,7,10
467,3,8,12
467,3,9,4
468,3,0,99
468,3,1,11
468,3,2,15
468,3,3,0
468,3,4,17
468,3,5,7
468,3,6,14
468,3,7,3
468,3,8,12
468,3,9,8
469,3,0,21
469,3,1,9
469,3,2,13
469,3,3,0
469,3,4,22
469,3,5,3
469,3,6,17
469,3,7,16
469,3,8,9
469,3,9,20
470,3,0,99
470,3,1,11
470,3,2,21
470,3,3,0
470,3,4,99
470,3,5,7
470,3,6,99
470,3,7,4
470,3,8,27
470,3,9,8
471,3,0,99
471,3,1,9
471,3,2,25
471,3,3,0
471,3,4,16
471,3,5,5
471,3,6,99
471,3,7,15
471,3,8,32
471,3,9,9
472,3,0,12
472,3,1,4
472,3,2,5
472,3,3,0
472,3,4,99
472,3,5,3
472,3,6,6
472,3,7,4
472,3,8,3
472,3,9,6
473,3,0,22
473,3,1,12
473,3,2,12
473,3,3,0
473,3,4,30
473,3,5,6
473,3,6,16
473,3,7,14
473,3,8,7
473,3,9,12
474,3,0,9
474,3,1,7
474,3,2,11
474,3,3,0
474,3,4,99
474,3,5,5
474,3,6,99
474,3,7,12
474,3,8,8
474,3,9,18
475,3,0,99
475,3,1,5
475,3,2,99
475,3,3,0
475,3,4,9
475,3,5,1
475,3,6,11
475,3,7,7
475,3,8,25
475,3,9,3
476,3,0,18
476,3,1,6
476,3,2,7
476,3,3,0
476,3,4,10
476,3,5,3
476,3,6,8
476,3,7,6
476,3,8,34
476,3,9,9
477,3,0,20
477,3,1,8
477,3,2,9
477,3,3,0
477,3,4,16
477,3,5,4
477,3,6,19
477,3,7,22
477,3,8,4
477,3,9,3
478,4,0,25
478,4,1,7
478,4,2,10
478,4,3,45
478,4,4,0
478,4,5,4
478,4,6,11
478,4,7,14
478,4,8,21
478,4,9,3
479,4,0,5
479,4,1,12
479,4,2,14
479,4,3,43
479,4,4,0
479,4,5,10
479,4,6,5
479,4,7,21
479,4,8,17
479,4,9,13
480,4,0,11
480,4,1,6
480,4,2,15
480,4,3,18
480,4,4,0
480,4,5,6
480,4,6,9
480,4,7,6
480,4,8,13
480,4,9,6
481,4,0,99
481,4,1,6
481,4,2,99
481,4,3,13
481,4,4,0
481,4,5,6
481,4,6,13
481,4,7,7
481,4,8,12
481,4,9,4
482,4,0,6
482,4,1,9
482,4,2,8
482,4,3,44
482,4,4,0
482,4,5,6
482,4,6,5
482,4,7,17
482,4,8,99
482,4,9,8
483,4,0,40
483,4,1,9
483,4,2,18
483,4,3,99
483,4,4,0
483,4,5,9
483,4,6,8
483,4,7,10
483,4,8,99
483,4,9,10
484,4,0,18
484,4,1,3
484,4,2,6
484,4,3,16
484,4,4,0
484,4,5,10
484,4,6,14
484,4,7,8
484,4,8,99
484,4,9,5
485,4,0,11
485,4,1,8
485,4,2,7
485,4,3,73
485,4,4,0
485,4,5,4
485,4,6,3
485,4,7,9
485,4,8,99
485,4,9,14
486,4,0,14
486,4,1,5
486,4,2,6
486,4,3,16
486,4,4,0
486,4,5,5
486,4,6,2
486,4,7,16
486,4,8,8
486,4,9,6
487,4,0,12
487,4,1,2
487,4,2,4
487,4,3,13
487,4,4,0
487,4,5,8
487,4,6,6
487,4,7,9
487,4,8,7
487,4,9,10
488,4,0,17
488,4,1,6
488,4,2,16
488,4,3,15
488,4,4,0
488,4,5,6
488,4,6,7
488,4,7,7
488,4,8,99
488,4,9,4
489,4,0,99
489,4,1,6
489,4,2,13
489,4,3,8
489,4,4,0
489,4,5,5
489,4,6,12
489,4,7,6
489,4,8,10
489,4,9,2
490,4,0,10
490,4,1,14
490,4,2,9
490,4,3,19
490,4,4,0
490,4,5,10
490,4,6,2
490,4,7,15
490,4,8,16
490,4,9,16
491,4,0,5
491,4,1,8
491,4,2,9
491,4,3,99
491,4,4,0
491,4,5,9
491,4,6,4
491,4,7,6
491,4,8,15
491,4,9,13
492,4,0,22
492,4,1,4
492,4,2,6
492,4,3,12
492,4,4,0
492,4,5,6
492,4,6,7
492,4,7,10
492,4,8,10
492,4,9,5
493,4,0,5
493,4,1,3
493,4,2,2
493,4,3,99
493,4,4,0
493,4,5,2
493,4,6,3
493,4,7,13
493,4,8,9
493,4,9,7
494,4,0,5
494,4,1,4
494,4,2,3
494,4,3,11
494,4,4,0
494,4,5,9
494,4,6,4
494,4,7,13
494,4,8,9
494,4,9,23
495,4,0,13
495,4,1,4
495,4,2,3
495,4,3,99
495,4,4,0
495,4,5,3
495,4,6,7
495,4,7,2
495,4,8,17
495,4,9,4
496,4,0,5
496,4,1,15
496,4,2,13
496,4,3,69
496,4,4,0
496,4,5,11
496,4,6,6
496,4,7,23
496,4,8,99
496,4,9,22
497,4,0,14
497,4,1,4
497,4,2,18
497,4,3,99
497,4,4,0
497,4,5,10
497,4,6,17
497,4,7,13
497,4,8,99
497,4,9,9
498,5,0,20
498,5,1,99
498,5,2,22
498,5,3,10
498,5,4,22
498,5,5,0
498,5,6,10
498,5,7,34
498,5,8,10
498,5,9,10
499,5,0,11
499,5,1,99
499,5,2,11
499,5,3,10
499,5,4,23
499,5,5,0
499,5,6,8
499,5,7,30
499,5,8,10
499,5,9,9
500,5,0,16
500,5,1,99
500,5,2,11
500,5,3,12
500,5,4,8
500,5,5,0
500,5,6,7
500,5,7,99
500,5,8,16
500,5,9,8
501,5,0,17
501,5,1,99
501,5,2,33
501,5,3,17
501,5,4,13
501,5,5,0
501,5,6,8
501,5,7,37
501,5,8,10
501,5,9,6
502,5,0,16
502,5,1,99
502,5,2,14
502,5,3,5
502,5,4,29
502,5,5,0
502,5,6,99
502,5,7,99
502,5,8,17
502,5,9,10
503,5,0,5
503,5,1,7
503,5,2,2
503,5,3,4
503,5,4,8
503,5,5,0
503,5,6,4
503,5,7,7
503,5,8,2
503,5,9,2
504,5,0,99
504,5,1,99
504,5,2,99
504,5,3,11
504,5,4,19
504,5,5,0
504,5,6,99
504,5,7,18
504,5,8,21
504,5,9,8
505,5,0,99
505,5,1,99
505,5,2,99
505,5,3,9
505,5,4,12
505,5,5,0
505,5,6,10
505,5,7,45
505,5,8,99
505,5,9,9
506,5,0,99
506,5,1,9
506,5,2,99
506,5,3,7
506,5,4,30
506,5,5,0
506,5,6,13
506,5,7,99
506,5,8,6
506,5,9,3
507,5,0,47
507,5,1,12
507,5,2,99
507,5,3,19
507,5,4,8
507,5,5,0
507,5,6,8
507,5,7,13
507,5,8,99
507,5,9,8
508,5,0,10
508,5,1,99
508,5,2,8
508,5,3,13
508,5,4,29
508,5,5,0
508,5,6,5
508,5,7,99
508,5,8,8
508,5,9,14
509,5,0,10
509,5,1,99
509,5,2,11
509,5,3,5
509,5,4,18
509,5,5,0
509,5,6,5
509,5,7,50
509,5,8,5
509,5,9,5
510,5,0,99
510,5,1,99
510,5,2,99
510,5,3,11
510,5,4,8
510,5,5,0
510,5,6,15
510,5,7,99
510,5,8,99
510,5,9,11
511,5,0,28
511,5,1,99
511,5,2,99
511,5,3,16
511,5,4,9
511,5,5,0
511,5,6,10
511,5,7,99
511,5,8,99
511,5,9,10
512,5,0,99
512,5,1,99
512,5,2,11
512,5,3,6
512,5,4,99
512,5,5,0
512,5,6,14
512,5,7,13
512,5,8,7
512,5,9,4
513,5,0,12
513,5,1,5
513,5,2,5
513,5,3,2
513,5,4,6
513,5,5,0
513,5,6,4
513,5,7,16
513,5,8,0
513,5,9,1
514,5,0,99
514,5,1,11
514,5,2,13
514,5,3,13
514,5,4,13
514,5,5,0
514,5,6,99
514,5,7,99
514,5,8,35
514,5,9,3
515,5,0,99
515,5,1,5
515,5,2,7
515,5,3,8
515,5,4,20
515,5,5,0
515,5,6,85
515,5,7,7
515,5,8,24
515,5,9,5
516,5,0,4
516,5,1,4
516,5,2,3
516,5,3,9
516,5,4,5
516,5,5,0
516,5,6,3
516,5,7,7
516,5,8,5
516,5,9,15
517,5,0,10
517,5,1,11
517,5,2,9
517,5,3,7
517,5,4,15
517,5,5,0
517,5,6,3
517,5,7,14
517,5,8,12
517,5,9,9
518,6,0,4
518,6,1,99
518,6,2,6
518,6,3,99
518,6,4,14
518,6,5,2
518,6,6,0
518,6,7,99
518,6,8,3
518,6,9,15
519,6,0,8
519,6,1,99
519,6,2,11
519,6,3,99
519,6,4,19
519,6,5,8
519,6,6,0
519,6,7,35
519,6,8,10
519,6,9,23
520,6,0,6
520,6,1,99
520,6,2,4
520,6,3,99
520,6,4,6
520,6,5,3
520,6,6,0
520,6,7,46
520,6,8,4
520,6,9,19
521,6,0,5
521,6,1,99
521,6,2,6
521,6,3,12
521,6,4,29
521,6,5,4
521,6,6,0
521,6,7,35
521,6,8,6
521,6,9,28
522,6,0,8
522,6,1,17
522,6,2,8
522,6,3,99
522,6,4,10
522,6,5,8
522,6,6,0
522,6,7,21
522,6,8,13
522,6,9,23
523,6,0,5
523,6,1,99
523,6,2,6
523,6,3,99
523,6,4,11
523,6,5,4
523,6,6,0
523,6,7,26
523,6,8,6
523,6,9,16
524,6,0,9
524,6,1,99
524,6,2,4
524,6,3,99
524,6,4,10
524,6,5,4
524,6,6,0
524,6,7,99
524,6,8,3
524,6,9,13
525,6,0,3
525,6,1,7
525,6,2,5
525,6,3,14
525,6,4,8
525,6,5,3
525,6,6,0
525,6,7,8
525,6,8,3
525,6,9,16
526,6,0,7
526,6,1,99
526,6,2,8
526,6,3,99
526,6,4,22
526,6,5,6
526,6,6,0
526,6,7,99
526,6,8,8
526,6,9,99
527,6,0,7
527,6,1,16
527,6,2,6
527,6,3,18
527,6,4,7
527,6,5,1
527,6,6,0
527,6,7,44
527,6,8,6
527,6,9,11
528,6,0,9
528,6,1,99
528,6,2,9
528,6,3,99
528,6,4,22
528,6,5,7
528,6,6,0
528,6,7,29
528,6,8,8
528,6,9,99
529,6,0,8
529,6,1,9
529,6,2,7
529,6,3,50
529,6,4,6
529,6,5,4
529,6,6,0
529,6,7,9
529,6,8,7
529,6,9,19
530,6,0,13
530,6,1,99
530,6,2,7
530,6,3,99
530,6,4,18
530,6,5,5
530,6,6,0
530,6,7,99
530,6,8,17
530,6,9,99
531,6,0,7
531,6,1,99
531,6,2,8
531,6,3,99
531,6,4,11
531,6,5,7
531,6,6,0
531,6,7,99
531,6,8,11
531,6,9,44
532,6,0,7
532,6,1,99
532,6,2,9
532,6,3,99
532,6,4,16
532,6,5,6
532,6,6,0
532,6,7,99
532,6,8,11
532,6,9,21
533,6,0,13
533,6,1,99
533,6,2,5
533,6,3,99
533,6,4,10
533,6,5,3
533,6,6,0
533,6,7,99
533,6,8,8
533,6,9,14
534,6,0,24
534,6,1,99
534,6,2,7
534,6,3,99
534,6,4,16
534,6,5,6
534,6,6,0
534,6,7,32
534,6,8,6
534,6,9,99
535,6,0,10
535,6,1,99
535,6,2,9
535,6,3,99
535,6,4,17
535,6,5,8
535,6,6,0
535,6,7,99
535,6,8,24
535,6,9,99
536,6,0,5
536,6,1,13
536,6,2,7
536,6,3,99
536,6,4,3
536,6,5,8
536,6,6,0
536,6,7,15
536,6,8,9
536,6,9,19
537,6,0,7
537,6,1,13
537,6,2,5
537,6,3,99
537,6,4,8
537,6,5,5
537,6,6,0
537,6,7,35
537,6,8,7
537,6,9,99
538,7,0,99
538,7,1,7
538,7,2,99
538,7,3,11
538,7,4,99
538,7,5,9
538,7,6,13
538,7,7,0
538,7,8,8
538,7,9,17
539,7,0,99
539,7,1,11
539,7,2,15
539,7,3,1
539,7,4,12
539,7,5,6
539,7,6,26
539,7,7,0
539,7,8,9
539,7,9,5
540,7,0,99
540,7,1,7
540,7,2,99
540,7,3,4
540,7,4,11
540,7,5,6
540,7,6,9
540,7,7,0
540,7,8,10
540,7,9,6
541,7,0,27
541,7,1,5
541,7,2,16
541,7,3,14
541,7,4,7
541,7,5,11
541,7,6,12
541,7,7,0
541,7,8,17
541,7,9,19
542,7,0,9
542,7,1,4
542,7,2,10
542,7,3,7
542,7,4,12
542,7,5,7
542,7,6,11
542,7,7,0
542,7,8,10
542,7,9,20
543,7,0,99
543,7,1,5
543,7,2,17
543,7,3,2
543,7,4,76
543,7,5,3
543,7,6,13
543,7,7,0
543,7,8,5
543,7,9,4
544,7,0,99
544,7,1,4
544,7,2,24
544,7,3,5
544,7,4,15
544,7,5,6
544,7,6,22
544,7,7,0
544,7,8,7
544,7,9,5
545,7,0,33
545,7,1,1
545,7,2,0
545,7,3,4
545,7,4,99
545,7,5,5
545,7,6,15
545,7,7,0
545,7,8,7
545,7,9,7
546,7,0,18
546,7,1,5
546,7,2,6
546,7,3,6
546,7,4,27
546,7,5,8
546,7,6,29
546,7,7,0
546,7,8,26
546,7,9,9
547,7,0,99
547,7,1,9
547,7,2,10
547,7,3,9
547,7,4,99
547,7,5,8
547,7,6,11
547,7,7,0
547,7,8,7
547,7,9,29
548,7,0,21
548,7,1,9
548,7,2,9
548,7,3,6
548,7,4,10
548,7,5,7
548,7,6,7
548,7,7,0
548,7,8,6
548,7,9,8
549,7,0,15
549,7,1,11
549,7,2,11
549,7,3,13
549,7,4,99
549,7,5,8
549,7,6,12
549,7,7,0
549,7,8,6
549,7,9,14
550,7,0,99
550,7,1,8
550,7,2,26
550,7,3,5
550,7,4,9
550,7,5,5
550,7,6,14
550,7,7,0
550,7,8,6
550,7,9,12
551,7,0,99
551,7,1,5
551,7,2,11
551,7,3,6
551,7,4,4
551,7,5,8
551,7,6,12
551,7,7,0
551,7,8,12
551,7,9,9
552,7,0,99
552,7,1,5
552,7,2,29
552,7,3,12
552,7,4,8
552,7,5,6
552,7,6,19
552,7,7,0
552,7,8,5
552,7,9,7
553,7,0,99
553,7,1,4
553,7,2,15
553,7,3,2
553,7,4,99
553,7,5,3
553,7,6,27
553,7,7,0
553,7,8,3
553,7,9,5
554,7,0,99
554,7,1,5
554,7,2,18
554,7,3,11
554,7,4,99
554,7,5,11
554,7,6,21
554,7,7,0
554,7,8,15
554,7,9,22
555,7,0,99
555,7,1,4
555,7,2,28
555,7,3,15
555,7,4,7
555,7,5,4
555,7,6,6
555,7,7,0
555,7,8,3
555,7,9,99
556,7,0,99
556,7,1,4
556,7,2,13
556,7,3,8
556,7,4,15
556,7,5,9
556,7,6,34
556,7,7,0
556,7,8,22
556,7,9,16
557,7,0,99
557,7,1,5
557,7,2,26
557,7,3,4
557,7,4,29
557,7,5,6
557,7,6,15
557,7,7,0
557,7,8,7
557,7,9,7
558,8,0,7
558,8,1,4
558,8,2,4
558,8,3,5
558,8,4,99
558,8,5,6
558,8,6,12
558,8,7,14
558,8,8,0
558,8,9,7
559,8,0,17
559,8,1,10
559,8,2,5
559,8,3,4
559,8,4,56
559,8,5,5
559,8,6,4
559,8,7,22
559,8,8,0
559,8,9,5
560,8,0,10
560,8,1,6
560,8,2,2
560,8,3,9
560,8,4,22
560,8,5,10
560,8,6,2
560,8,7,8
560,8,8,0
560,8,9,8
561,8,0,15
561,8,1,8
561,8,2,4
561,8,3,12
561,8,4,14
561,8,5,4
561,8,6,7
561,8,7,14
561,8,8,0
561,8,9,4
562,8,0,4
562,8,1,2
562,8,2,0
562,8,3,6
562,8,4,3
562,8,5,6
562,8,6,3
562,8,7,2
562,8,8,0
562,8,9,6
563,8,0,15
563,8,1,5
563,8,2,5
563,8,3,5
563,8,4,14
563,8,5,6
563,8,6,7
563,8,7,8
563,8,8,0
563,8,9,4
564,8,0,24
564,8,1,14
564,8,2,7
564,8,3,6
564,8,4,18
564,8,5,3
564,8,6,2
564,8,7,15
564,8,8,0
564,8,9,11
565,8,0,15
565,8,1,8
565,8,2,8
565,8,3,6
565,8,4,21
565,8,5,7
565,8,6,4
565,8,7,12
565,8,8,0
565,8,9,5
566,8,0,6
566,8,1,8
566,8,2,4
566,8,3,7
566,8,4,6
566,8,5,5
566,8,6,3
566,8,7,5
566,8,8,0
566,8,9,2
567,8,0,11
567,8,1,6
567,8,2,11
567,8,3,3
567,8,4,13
567,8,5,5
567,8,6,12
567,8,7,10
567,8,8,0
567,8,9,1
568,8,0,14
568,8,1,5
568,8,2,3
568,8,3,6
568,8,4,14
568,8,5,9
568,8,6,4
568,8,7,5
568,8,8,0
568,8,9,7
569,8,0,15
569,8,1,7
569,8,2,5
569,8,3,5
569,8,4,99
569,8,5,7
569,8,6,14
569,8,7,6
569,8,8,0
569,8,9,6
570,8,0,28
570,8,1,7
570,8,2,8
570,8,3,5
570,8,4,27
570,8,5,6
570,8,6,11
570,8,7,24
570,8,8,0
570,8,9,3
571,8,0,19
571,8,1,4
571,8,2,5
571,8,3,11
571,8,4,45
571,8,5,6
571,8,6,10
571,8,7,15
571,8,8,0
571,8,9,6
572,8,0,9
572,8,1,4
572,8,2,7
572,8,3,2
572,8,4,99
572,8,5,4
572,8,6,12
572,8,7,8
572,8,8,0
572,8,9,2
573,8,0,9
573,8,1,1
573,8,2,1
573,8,3,3
573,8,4,11
573,8,5,3
573,8,6,5
573,8,7,3
573,8,8,0
573,8,9,4
574,8,0,13
574,8,1,3
574,8,2,2
574,8,3,4
574,8,4,10
574,8,5,5
574,8,6,4
574,8,7,5
574,8,8,0
574,8,9,5
575,8,0,17
575,8,1,8
575,8,2,9
575,8,3,6
575,8,4,15
575,8,5,6
575,8,6,14
575,8,7,15
575,8,8,0
575,8,9,5
576,8,0,5
576,8,1,1
576,8,2,4
576,8,3,6
576,8,4,38
576,8,5,2
576,8,6,5
576,8,7,3
576,8,8,0
576,8,9,3
577,8,0,17
577,8,1,6
577,8,2,5
577,8,3,11
577,8,4,18
577,8,5,5
577,8,6,3
577,8,7,42
577,8,8,0
577,8,9,7
578,9,0,31
578,9,1,7
578,9,2,50
578,9,3,6
578,9,4,14
578,9,5,5
578,9,6,99
578,9,7,11
578,9,8,14
578,9,9,0
579,9,0,47
579,9,1,10
579,9,2,99
579,9,3,12
579,9,4,20
579,9,5,6
579,9,6,99
579,9,7,14
579,9,8,16
579,9,9,0
580,9,0,50
580,9,1,2
580,9,2,18
580,9,3,8
580,9,4,28
580,9,5,3
580,9,6,99
580,9,7,15
580,9,8,3
580,9,9,0
581,9,0,6
581,9,1,8
581,9,2,9
581,9,3,15
581,9,4,11
581,9,5,3
581,9,6,10
581,9,7,99
581,9,8,4
581,9,9,0
582,9,0,10
582,9,1,3
582,9,2,7
582,9,3,13
582,9,4,3
582,9,5,6
582,9,6,14
582,9,7,4
582,9,8,6
582,9,9,0
583,9,0,99
583,9,1,9
583,9,2,99
583,9,3,5
583,9,4,17
583,9,5,4
583,9,6,99
583,9,7,20
583,9,8,11
583,9,9,0
584,9,0,22
584,9,1,7
584,9,2,10
584,9,3,3
584,9,4,19
584,9,5,4
584,9,6,17
584,9,7,22
584,9,8,4
584,9,9,0
585,9,0,99
585,9,1,4
585,9,2,28
585,9,3,13
585,9,4,6
585,9,5,8
585,9,6,99
585,9,7,16
585,9,8,13
585,9,9,0
586,9,0,24
586,9,1,2
586,9,2,8
586,9,3,13
586,9,4,15
586,9,5,7
586,9,6,27
586,9,7,11
586,9,8,3
586,9,9,0
587,9,0,99
587,9,1,7
587,9,2,11
587,9,3,1
587,9,4,18
587,9,5,6
587,9,6,16
587,9,7,9
587,9,8,4
587,9,9,0
588,9,0,43
588,9,1,5
588,9,2,10
588,9,3,5
588,9,4,15
588,9,5,3
588,9,6,15
588,9,7,10
588,9,8,11
588,9,9,0
589,9,0,22
589,9,1,5
589,9,2,12
589,9,3,4
589,9,4,19
589,9,5,8
589,9,6,20
589,9,7,11
589,9,8,5
589,9,9,0
590,9,0,12
590,9,1,3
590,9,2,12
590,9,3,4
590,9,4,9
590,9,5,2
590,9,6,99
590,9,7,4
590,9,8,10
590,9,9,0
591,9,0,38
591,9,1,7
591,9,2,22
591,9,3,6
591,9,4,5
591,9,5,4
591,9,6,99
591,9,7,3
591,9,8,6
591,9,9,0
592,9,0,9
592,9,1,2
592,9,2,5
592,9,3,4
592,9,4,4
592,9,5,2
592,9,6,12
592,9,7,4
592,9,8,9
592,9,9,0
593,9,0,99
593,9,1,8
593,9,2,14
593,9,3,3
593,9,4,43
593,9,5,5
593,9,6,99
593,9,7,9
593,9,8,7
593,9,9,0
594,9,0,14
594,9,1,7
594,9,2,99
594,9,3,9
594,9,4,6
594,9,5,2
594,9,6,99
594,9,7,19
594,9,8,14
594,9,9,0
595,9,0,20
595,9,1,6
595,9,2,99
595,9,3,3
595,9,4,13
595,9,5,3
595,9,6,90
595,9,7,15
595,9,8,11
595,9,9,0
596,9,0,29
596,9,1,5
596,9,2,12
596,9,3,3
596,9,4,19
596,9,5,5
596,9,6,99
596,9,7,5
596,9,8,10
596,9,9,0
597,0,0,0
597,0,1,99
597,0,2,14
597,0,3,99
597,0,4,16
597,0,5,8
597,0,6,12
597,0,7,99
597,0,8,12
597,0,9,13
598,0,0,0
598,0,1,99
598,0,2,13
598,0,3,99
598,0,4,13
598,0,5,7
598,0,6,99
598,0,7,99
598,0,8,11
598,0,9,7
599,0,0,0
599,0,1,14
599,0,2,9
599,0,3,28
599,0,4,7
599,0,5,6
599,0,6,99
599,0,7,99
599,0,8,13
599,0,9,15
600,0,0,0
600,0,1,20
600,0,2,12
600,0,3,99
600,0,4,9
600,0,5,5
600,0,6,15
600,0,7,99
600,0,8,8
600,0,9,5
601,0,0,0
601,0,1,16
601,0,2,10
601,0,3,99
601,0,4,10
601,0,5,7
601,0,6,14
601,0,7,99
601,0,8,10
601,0,9,99
602,0,0,0
602,0,1,18
602,0,2,15
602,0,3,99
602,0,4,16
602,0,5,12
602,0,6,99
602,0,7,99
602,0,8,8
602,0,9,5
603,0,0,0
603,0,1,99
603,0,2,13
603,0,3,99
603,0,4,12
603,0,5,8
603,0,6,17
603,0,7,99
603,0,8,10
603,0,9,99
604,0,0,0
604,0,1,14
604,0,2,10
604,0,3,99
604,0,4,9
604,0,5,6
604,0,6,7
604,0,7,99
604,0,8,11
604,0,9,99
605,0,0,0
605,0,1,16
605,0,2,12
605,0,3,99
605,0,4,9
605,0,5,6
605,0,6,13
605,0,7,99
605,0,8,15
605,0,9,5
606,0,0,0
606,0,1,10
606,0,2,13
606,0,3,99
606,0,4,14
606,0,5,7
606,0,6,99
606,0,7,17
606,0,8,13
606,0,9,6
607,0,0,0
607,0,1,99
607,0,2,10
607,0,3,99
607,0,4,8
607,0,5,4
607,0,6,99
607,0,7,99
607,0,8,26
607,0,9,4
608,0,0,0
608,0,1,99
608,0,2,10
608,0,3,99
608,0,4,11
608,0,5,8
608,0,6,7
608,0,7,99
608,0,8,11
608,0,9,17
609,0,0,0
609,0,1,99
609,0,2,9
609,0,3,99
609,0,4,9
609,0,5,5
609,0,6,99
609,0,7,99
609,0,8,11
609,0,9,99
610,0,0,0
610,0,1,7
610,0,2,7
610,0,3,99
610,0,4,3
610,0,5,5
610,0,6,4
610,0,7,14
610,0,8,11
610,0,9,7
611,0,0,0
611,0,1,18
611,0,2,14
611,0,3,99
611,0,4,14
611,0,5,7
611,0,6,99
611,0,7,99
611,0,8,10
611,0,9,99
612,0,0,0
612,0,1,99
612,0,2,12
612,0,3,99
612,0,4,16
612,0,5,8
612,0,6,26
612,0,7,99
612,0,8,11
612,0,9,8
613,0,0,0
613,0,1,21
613,0,2,16
613,0,3,99
613,0,4,16
613,0,5,8
613,0,6,99
613,0,7,99
613,0,8,15
613,0,9,8
614,0,0,0
614,0,1,9
614,0,2,6
614,0,3,99
614,0,4,11
614,0,5,7
614,0,6,12
614,0,7,23
614,0,8,8
614,0,9,11
615,0,0,0
615,0,1,15
615,0,2,8
615,0,3,99
615,0,4,10
615,0,5,5
615,0,6,9
615,0,7,99
615,0,8,10
615,0,9,22
616,0,0,0
616,0,1,13
616,0,2,12
616,0,3,99
616,0,4,8
616,0,5,6
616,0,6,22
616,0,7,99
616,0,8,10
616,0,9,6
617,1,0,4
617,1,1,0
617,1,2,5
617,1,3,5
617,1,4,2
617,1,5,4
617,1,6,7
617,1,7,3
617,1,8,5
617,1,9,8
618,1,0,17
618,1,1,0
618,1,2,1
618,1,3,14
618,1,4,24
618,1,5,9
618,1,6,15
618,1,7,7
618,1,8,15
618,1,9,34
619,1,0,16
619,1,1,0
619,1,2,14
619,1,3,9
619,1,4,33
619,1,5,5
619,1,6,99
619,1,7,10
619,1,8,15
619,1,9,12
620,1,0,28
620,1,1,0
620,1,2,6
620,1,3,14
620,1,4,7
620,1,5,11
620,1,6,11
620,1,7,6
620,1,8,10
620,1,9,28
621,1,0,10
621,1,1,0
621,1,2,22
621,1,3,7
621,1,4,3
621,1,5,8
621,1,6,19
621,1,7,14
621,1,8,17
621,1,9,7
622,1,0,12
622,1,1,0
622,1,2,14
622,1,3,17
622,1,4,8
622,1,5,10
622,1,6,16
622,1,7,12
622,1,8,15
622,1,9,16
623,1,0,16
623,1,1,0
623,1,2,6
623,1,3,14
623,1,4,16
623,1,5,14
623,1,6,21
623,1,7,10
623,1,8,9
623,1,9,9
624,1,0,21
624,1,1,0
624,1,2,8
624,1,3,19
624,1,4,24
624,1,5,12
624,1,6,24
624,1,7,7
624,1,8,16
624,1,9,15
625,1,0,99
625,1,1,0
625,1,2,5
625,1,3,12
625,1,4,33
625,1,5,10
625,1,6,99
625,1,7,6
625,1,8,14
625,1,9,14
626,1,0,9
626,1,1,0
626,1,2,7
626,1,3,12
626,1,4,6
626,1,5,6
626,1,6,26
626,1,7,6
626,1,8,21
626,1,9,13
627,1,0,25
627,1,1,0
627,1,2,24
627,1,3,13
627,1,4,7
627,1,5,15
627,1,6,99
627,1,7,99
627,1,8,18
627,1,9,6
628,1,0,22
628,1,1,0
628,1,2,6
628,1,3,9
628,1,4,9
628,1,5,7
628,1,6,15
628,1,7,2
628,1,8,18
628,1,9,21
629,1,0,17
629,1,1,0
629,1,2,15
629,1,3,13
629,1,4,10
629,1,5,9
629,1,6,26
629,1,7,8
629,1,8,11
629,1,9,9
630,1,0,98
630,1,1,0
630,1,2,13
630,1,3,8
630,1,4,7
630,1,5,11
630,1,6,17
630,1,7,11
630,1,8,8
630,1,9,5
631,1,0,16
631,1,1,0
631,1,2,13
631,1,3,17
631,1,4,38
631,1,5,7
631,1,6,99
631,1,7,7
631,1,8,18
631,1,9,29
632,1,0,22
632,1,1,0
632,1,2,9
632,1,3,5
632,1,4,15
632,1,5,9
632,1,6,99
632,1,7,5
632,1,8,5
632,1,9,4
633,1,0,17
633,1,1,0
633,1,2,1
633,1,3,9
633,1,4,11
633,1,5,6
633,1,6,12
633,1,7,9
633,1,8,9
633,1,9,12
634,1,0,22
634,1,1,0
634,1,2,8
634,1,3,22
634,1,4,5
634,1,5,9
634,1,6,13
634,1,7,7
634,1,8,17
634,1,9,22
635,1,0,17
635,1,1,0
635,1,2,11
635,1,3,15
635,1,4,34
635,1,5,9
635,1,6,15
635,1,7,10
635,1,8,23
635,1,9,30
636,1,0,5
636,1,1,0
636,1,2,5
636,1,3,8
636,1,4,14
636,1,5,6
636,1,6,13
636,1,7,5
636,1,8,8
636,1,9,4
637,1,0,2
637,1,1,0
637,1,2,1
637,1,3,9
637,1,4,22
637,1,5,1
637,1,6,14
637,1,7,7
637,1,8,9
637,1,9,9
638,2,0,16
638,2,1,4
638,2,2,0
638,2,3,9
638,2,4,69
638,2,5,10
638,2,6,16
638,2,7,4
638,2,8,10
638,2,9,11
639,2,0,21
639,2,1,7
639,2,2,0
639,2,3,4
639,2,4,99
639,2,5,4
639,2,6,29
639,2,7,2
639,2,8,2
639,2,9,12
640,2,0,0
640,2,1,6
640,2,2,0
640,2,3,11
640,2,4,11
640,2,5,8
640,2,6,10
640,2,7,28
640,2,8,5
640,2,9,8
641,2,0,14
641,2,1,7
641,2,2,0
641,2,3,8
641,2,4,99
641,2,5,8
641,2,6,11
641,2,7,6
641,2,8,9
641,2,9,18
642,2,0,15
642,2,1,7
642,2,2,0
642,2,3,10
642,2,4,51
642,2,5,7
642,2,6,16
642,2,7,5
642,2,8,10
642,2,9,12
643,2,0,10
643,2,1,10
643,2,2,0
643,2,3,13
643,2,4,20
643,2,5,9
643,2,6,17
643,2,7,9
643,2,8,8
643,2,9,21
644,2,0,2
644,2,1,9
644,2,2,0
644,2,3,14
644,2,4,12
644,2,5,12
644,2,6,10
644,2,7,12
644,2,8,14
644,2,9,18
645,2,0,7
645,2,1,3
645,2,2,0
645,2,3,22
645,2,4,16
645,2,5,4
645,2,6,8
645,2,7,4
645,2,8,6
645,2,9,5
646,2,0,3
646,2,1,7
646,2,2,0
646,2,3,9
646,2,4,15
646,2,5,6
646,2,6,14
646,2,7,7
646,2,8,6
646,2,9,14
647,2,0,16
647,2,1,1
647,2,2,0
647,2,3,7
647,2,4,99
647,2,5,4
647,2,6,14
647,2,7,5
647,2,8,4
647,2,9,8
648,2,0,10
648,2,1,12
648,2,2,0
648,2,3,12
648,2,4,99
648,2,5,14
648,2,6,9
648,2,7,8
648,2,8,8
648,2,9,14
649,2,0,6
649,2,1,6
649,2,2,0
649,2,3,5
649,2,4,22
649,2,5,8
649,2,6,99
649,2,7,5
649,2,8,4
649,2,9,14
650,2,0,7
650,2,1,7
650,2,2,0
650,2,3,6
650,2,4,20
650,2,5,8
650,2,6,4
650,2,7,6
650,2,8,3
650,2,9,15
651,2,0,1
651,2,1,6
651,2,2,0
651,2,3,7
651,2,4,10
651,2,5,7
651,2,6,99
651,2,7,6
651,2,8,5
651,2,9,12
652,2,0,18
652,2,1,5
652,2,2,0
652,2,3,7
652,2,4,35
652,2,5,7
652,2,6,11
652,2,7,5
652,2,8,4
652,2,9,10
653,2,0,19
653,2,1,3
653,2,2,0
653,2,3,8
653,2,4,23
653,2,5,8
653,2,6,10
653,2,7,5
653,2,8,3
653,2,9,6
654,2,0,8
654,2,1,10
654,2,2,0
654,2,3,8
654,2,4,71
654,2,5,12
654,2,6,3
654,2,7,6
654,2,8,5
654,2,9,16
655,2,0,10
655,2,1,7
655,2,2,0
655,2,3,10
655,2,4,41
655,2,5,11
655,2,6,22
655,2,7,8
655,2,8,8
655,2,9,14
656,2,0,10
656,2,1,4
656,2,2,0
656,2,3,4
656,2,4,99
656,2,5,5
656,2,6,5
656,2,7,4
656,2,8,3
656,2,9,10
657,2,0,12
657,2,1,5
657,2,2,0
657,2,3,3
657,2,4,99
657,2,5,5
657,2,6,8
657,2,7,2
657,2,8,2
657,2,9,13
658,3,0,22
658,3,1,10
658,3,2,9
658,3,3,0
658,3,4,16
658,3,5,2
658,3,6,6
658,3,7,18
658,3,8,9
658,3,9,12
659,3,0,99
659,3,1,12
659,3,2,99
659,3,3,0
659,3,4,99
659,3,5,6
659,3,6,99
659,3,7,15
659,3,8,19
659,3,9,4
660,3,0,26
660,3,1,12
660,3,2,99
660,3,3,0
660,3,4,16
660,3,5,6
660,3,6,19
660,3,7,14
660,3,8,9
660,3,9,3
661,3,0,16
661,3,1,10
661,3,2,11
661,3,3,0
661,3,4,99
661,3,5,2
661,3,6,18
661,3,7,12
661,3,8,8
661,3,9,6
662,3,0,99
662,3,1,8
662,3,2,18
662,3,3,0
662,3,4,20
662,3,5,4
662,3,6,14
662,3,7,5
662,3,8,6
662,3,9,4
663,3,0,12
663,3,1,4
663,3,2,11
663,3,3,0
663,3,4,37
663,3,5,3
663,3,6,13
663,3,7,4
663,3,8,21
663,3,9,11
664,3,0,10
664,3,1,3
664,3,2,11
664,3,3,0
664,3,4,12
664,3,5,2
664,3,6,10
664,3,7,3
664,3,8,6
664,3,9,3
665,3,0,99
665,3,1,13
665,3,2,21
665,3,3,0
665,3,4,98
665,3,5,8
665,3,6,24
665,3,7,9
665,3,8,17
665,3,9,19
666,3,0,12
666,3,1,4
666,3,2,6
666,3,3,0
666,3,4,20
666,3,5,2
666,3,6,7
666,3,7,3
666,3,8,2
666,3,9,8
667,3,0,26
667,3,1,7
667,3,2,14
667,3,3,0
667,3,4,20
667,3,5,5
667,3,6,11
667,3,7,9
667,3,8,13
667,3,9,18
668,3,0,24
668,3,1,9
668,3,2,12
668,3,3,0
668,3,4,99
668,3,5,4
668,3,6,9
668,3,7,19
668,3,8,4
668,3,9,11
669,3,0,99
669,3,1,8
669,3,2,99
669,3,3,0
669,3,4,17
669,3,5,6
669,3,6,18
669,3,7,8
669,3,8,19
669,3,9,5
670,3,0,99
670,3,1,6
670,3,2,21
670,3,3,0
670,3,4,12
670,3,5,3
670,3,6,24
670,3,7,10
670,3,8,37
670,3,9,5
671,3,0,99
671,3,1,5
671,3,2,7
671,3,3,0
671,3,4,99
671,3,5,3
671,3,6,17
671,3,7,4
671,3,8,4
671,3,9,2
672,3,0,14
672,3,1,6
672,3,2,9
672,3,3,0
672,3,4,25
672,3,5,2
672,3,6,7
672,3,7,9
672,3,8,2
672,3,9,4
673,3,0,99
673,3,1,6
673,3,2,99
673,3,3,0
673,3,4,99
673,3,5,3
673,3,6,99
673,3,7,14
673,3,8,11
673,3,9,8
674,3,0,75
674,3,1,13
674,3,2,26
674,3,3,0
674,3,4,58
674,3,5,8
674,3,6,99
674,3,7,22
674,3,8,38
674,3,9,5
675,3,0,99
675,3,1,9
675,3,2,20
675,3,3,0
675,3,4,99
675,3,5,7
675,3,6,99
675,3,7,6
675,3,8,13
675,3,9,14
676,3,0,6
676,3,1,4
676,3,2,13
676,3,3,0
676,3,4,10
676,3,5,1
676,3,6,8
676,3,7,4
676,3,8,4
676,3,9,4
677,4,0,20
677,4,1,8
677,4,2,10
677,4,3,38
677,4,4,0
677,4,5,9
677,4,6,9
677,4,7,10
677,4,8,99
677,4,9,10
678,4,0,7
678,4,1,9
678,4,2,11
678,4,3,99
678,4,4,0
678,4,5,8
678,4,6,3
678,4,7,15
678,4,8,14
678,4,9,14
679,4,0,21
679,4,1,3
679,4,2,7
679,4,3,99
679,4,4,0
679,4,5,5
679,4,6,7
679,4,7,4
679,4,8,7
679,4,9,6
680,4,0,27
680,4,1,5
680,4,2,6
680,4,3,99
680,4,4,0
680,4,5,6
680,4,6,8
680,4,7,6
680,4,8,99
680,4,9,8
681,4,0,11
681,4,1,9
681,4,2,10
681,4,3,99
681,4,4,0
681,4,5,9
681,4,6,3
681,4,7,15
681,4,8,16
681,4,9,19
682,4,0,2
682,4,1,0
682,4,2,0
682,4,3,12
682,4,4,0
682,4,5,2
682,4,6,3
682,4,7,5
682,4,8,3
682,4,9,99
683,4,0,21
683,4,1,6
683,4,2,8
683,4,3,99
683,4,4,0
683,4,5,10
683,4,6,6
683,4,7,9
683,4,8,8
683,4,9,14
684,4,0,4
684,4,1,5
684,4,2,3
684,4,3,9
684,4,4,0
684,4,5,6
684,4,6,2
684,4,7,12
684,4,8,7
684,4,9,10
685,4,0,7
685,4,1,8
685,4,2,6
685,4,3,99
685,4,4,0
685,4,5,7
685,4,6,4
685,4,7,15
685,4,8,15
685,4,9,14
686,4,0,10
686,4,1,1
686,4,2,2
686,4,3,8
686,4,4,0
686,4,5,7
686,4,6,6
686,4,7,7
686,4,8,4
686,4,9,9
687,4,0,35
687,4,1,8
687,4,2,14
687,4,3,99
687,4,4,0
687,4,5,4
687,4,6,8
687,4,7,15
687,4,8,99
687,4,9,6
688,4,0,9
688,4,1,8
688,4,2,10
688,4,3,64
688,4,4,0
688,4,5,6
688,4,6,3
688,4,7,8
688,4,8,15
688,4,9,17
689,4,0,10
689,4,1,4
689,4,2,10
689,4,3,99
689,4,4,0
689,4,5,6
689,4,6,9
689,4,7,5
689,4,8,9
689,4,9,4
690,4,0,18
690,4,1,12
690,4,2,12
690,4,3,54
690,4,4,0
690,4,5,10
690,4,6,9
690,4,7,10
690,4,8,99
690,4,9,15
691,4,0,2
691,4,1,14
691,4,2,12
691,4,3,99
691,4,4,0
691,4,5,10
691,4,6,99
691,4,7,20
691,4,8,16
691,4,9,18
692,4,0,12
692,4,1,4
692,4,2,3
692,4,3,17
692,4,4,0
692,4,5,1
692,4,6,5
692,4,7,10
692,4,8,7
692,4,9,4
693,4,0,10
693,4,1,10
693,4,2,11
693,4,3,99
693,4,4,0
693,4,5,7
693,4,6,5
693,4,7,7
693,4,8,99
693,4,9,16
694,4,0,15
694,4,1,7
694,4,2,14
694,4,3,13
694,4,4,0
694,4,5,6
694,4,6,7
694,4,7,10
694,4,8,13
694,4,9,5
695,4,0,6
695,4,1,10
695,4,2,9
695,4,3,40
695,4,4,0
695,4,5,8
695,4,6,5
695,4,7,10
695,4,8,17
695,4,9,16
696,4,0,1
696,4,1,4
696,4,2,2
696,4,3,27
696,4,4,0
696,4,5,7
696,4,6,5
696,4,7,12
696,4,8,9
696,4,9,12
697,4,0,17
697,4,1,9
697,4,2,6
697,4,3,99
697,4,4,0
697,4,5,5
697,4,6,0
697,4,7,10
697,4,8,13
697,4,9,16
698,5,0,18
698,5,1,99
698,5,2,99
698,5,3,18
698,5,4,7
698,5,5,0
698,5,6,4
698,5,7,99
698,5,8,13
698,5,9,8
699,5,0,99
699,5,1,17
699,5,2,99
699,5,3,6
699,5,4,11
699,5,5,0
699,5,6,11
699,5,7,13
699,5,8,11
699,5,9,7
700,5,0,44
700,5,1,15
700,5,2,99
700,5,3,22
700,5,4,18
700,5,5,0
700,5,6,99
700,5,7,99
700,5,8,99
700,5,9,9
701,5,0,19
701,5,1,99
701,5,2,99
701,5,3,14
701,5,4,13
701,5,5,0
701,5,6,15
701,5,7,99
701,5,8,35
701,5,9,10
702,5,0,9
702,5,1,99
702,5,2,99
702,5,3,10
702,5,4,14
702,5,5,0
702,5,6,12
702,5,7,99
702,5,8,5
702,5,9,7
703,5,0,15
703,5,1,99
703,5,2,99
703,5,3,27
703,5,4,12
703,5,5,0
703,5,6,7
703,5,7,99
703,5,8,14
703,5,9,10
704,5,0,35
704,5,1,6
704,5,2,18
704,5,3,99
704,5,4,7
704,5,5,0
704,5,6,99
704,5,7,8
704,5,8,25
704,5,9,7
705,5,0,9
705,5,1,13
705,5,2,7
705,5,3,28
705,5,4,8
705,5,5,0
705,5,6,8
705,5,7,99
705,5,8,8
705,5,9,2
706,5,0,5
706,5,1,99
706,5,2,5
706,5,3,14
706,5,4,8
706,5,5,0
706,5,6,3
706,5,7,99
706,5,8,4
706,5,9,7
707,5,0,12
707,5,1,99
707,5,2,15
707,5,3,4
707,5,4,11
707,5,5,0
707,5,6,9
707,5,7,37
707,5,8,5
707,5,9,4
708,5,0,12
708,5,1,20
708,5,2,11
708,5,3,9
708,5,4,17
708,5,5,0
708,5,6,9
708,5,7,99
708,5,8,8
708,5,9,9
709,5,0,11
709,5,1,9
709,5,2,12
709,5,3,10
709,5,4,7
709,5,5,0
709,5,6,7
709,5,7,12
709,5,8,12
709,5,9,10
710,5,0,16
710,5,1,99
710,5,2,12
710,5,3,15
710,5,4,11
710,5,5,0
710,5,6,6
710,5,7,99
710,5,8,32
710,5,9,10
711,5,0,36
711,5,1,99
711,5,2,99
711,5,3,8
711,5,4,13
711,5,5,0
711,5,6,17
711,5,7,99
711,5,8,20
711,5,9,7
712,5,0,7
712,5,1,99
712,5,2,5
712,5,3,6
712,5,4,13
712,5,5,0
712,5,6,14
712,5,7,7
712,5,8,5
712,5,9,6
713,5,0,44
713,5,1,9
713,5,2,99
713,5,3,6
713,5,4,8
713,5,5,0
713,5,6,12
713,5,7,10
713,5,8,11
713,5,9,7
714,5,0,99
714,5,1,99
714,5,2,99
714,5,3,6
714,5,4,22
714,5,5,0
714,5,6,99
714,5,7,8
714,5,8,99
714,5,9,11
715,5,0,14
715,5,1,17
715,5,2,19
715,5,3,10
715,5,4,6
715,5,5,0
715,5,6,4
715,5,7,12
715,5,8,18
715,5,9,11
716,5,0,99
716,5,1,99
716,5,2,99
716,5,3,7
716,5,4,25
716,5,5,0
716,5,6,99
716,5,7,21
716,5,8,10
716,5,9,8
717,6,0,15
717,6,1,99
717,6,2,4
717,6,3,99
717,6,4,11
717,6,5,3
717,6,6,0
717,6,7,25
717,6,8,3
717,6,9,15
718,6,0,5
718,6,1,15
718,6,2,7
718,6,3,99
718,6,4,14
718,6,5,7
718,6,6,0
718,6,7,15
718,6,8,11
718,6,9,99
719,6,0,10
719,6,1,99
719,6,2,10
719,6,3,99
719,6,4,5
719,6,5,8
719,6,6,0
719,6,7,37
719,6,8,11
719,6,9,21
720,6,0,5
720,6,1,38
720,6,2,7
720,6,3,12
720,6,4,16
720,6,5,6
720,6,6,0
720,6,7,34
720,6,8,7
720,6,9,25
721,6,0,13
721,6,1,99
721,6,2,7
721,6,3,99
721,6,4,17
721,6,5,6
721,6,6,0
721,6,7,22
721,6,8,6
721,6,9,19
722,6,0,7
722,6,1,99
722,6,2,5
722,6,3,99
722,6,4,8
722,6,5,2
722,6,6,0
722,6,7,26
722,6,8,9
722,6,9,17
723,6,0,7
723,6,1,99
723,6,2,7
723,6,3,13
723,6,4,13
723,6,5,8
723,6,6,0
723,6,7,23
723,6,8,7
723,6,9,12
724,6,0,14
724,6,1,99
724,6,2,4
724,6,3,99
724,6,4,18
724,6,5,3
724,6,6,0
724,6,7,17
724,6,8,4
724,6,9,99
725,6,0,14
725,6,1,9
725,6,2,3
725,6,3,8
725,6,4,12
725,6,5,2
725,6,6,0
725,6,7,13
725,6,8,9
725,6,9,99
726,6,0,11
726,6,1,99
726,6,2,4
726,6,3,99
726,6,4,14
726,6,5,3
726,6,6,0
726,6,7,16
726,6,8,5
726,6,9,99
727,6,0,10
727,6,1,99
727,6,2,10
727,6,3,99
727,6,4,24
727,6,5,9
727,6,6,0
727,6,7,99
727,6,8,10
727,6,9,99
728,6,0,7
728,6,1,13
728,6,2,9
728,6,3,99
728,6,4,9
728,6,5,7
728,6,6,0
728,6,7,13
728,6,8,8
728,6,9,27
729,6,0,8
729,6,1,99
729,6,2,9
729,6,3,99
729,6,4,17
729,6,5,8
729,6,6,0
729,6,7,99
729,6,8,12
729,6,9,99
730,6,0,23
730,6,1,99
730,6,2,7
730,6,3,20
730,6,4,10
730,6,5,6
730,6,6,0
730,6,7,43
730,6,8,6
730,6,9,19
731,6,0,8
731,6,1,99
731,6,2,9
731,6,3,99
731,6,4,10
731,6,5,7
731,6,6,0
731,6,7,22
731,6,8,8
731,6,9,99
732,6,0,5
732,6,1,16
732,6,2,11
732,6,3,99
732,6,4,5
732,6,5,8
732,6,6,0
732,6,7,11
732,6,8,13
732,6,9,25
733,6,0,10
733,6,1,15
733,6,2,10
733,6,3,99
733,6,4,6
733,6,5,8
733,6,6,0
733,6,7,12
733,6,8,12
733,6,9,99
734,6,0,9
734,6,1,18
734,6,2,10
734,6,3,99
734,6,4,11
734,6,5,8
734,6,6,0
734,6,7,15
734,6,8,8
734,6,9,22
735,6,0,6
735,6,1,99
735,6,2,5
735,6,3,99
735,6,4,13
735,6,5,4
735,6,6,0
735,6,7,29
735,6,8,5
735,6,9,20
736,6,0,18
736,6,1,99
736,6,2,9
736,6,3,99
736,6,4,11
736,6,5,4
736,6,6,0
736,6,7,20
736,6,8,6
736,6,9,38
737,6,0,7
737,6,1,99
737,6,2,8
737,6,3,99
737,6,4,13
737,6,5,6
737,6,6,0
737,6,7,36
737,6,8,7
737,6,9,99
738,7,0,15
738,7,1,5
738,7,2,3
738,7,3,99
738,7,4,2
738,7,5,7
738,7,6,4
738,7,7,0
738,7,8,3
738,7,9,17
739,7,0,99
739,7,1,5
739,7,2,15
739,7,3,9
739,7,4,60
739,7,5,5
739,7,6,14
739,7,7,0
739,7,8,15
739,7,9,21
740,7,0,99
740,7,1,6
740,7,2,15
740,7,3,6
740,7,4,29
740,7,5,5
740,7,6,10
740,7,7,0
740,7,8,2
740,7,9,13
741,7,0,99
741,7,1,6
741,7,2,15
741,7,3,5
741,7,4,99
741,7,5,8
741,7,6,21
741,7,7,0
741,7,8,10
741,7,9,6
742,7,0,26
742,7,1,6
742,7,2,10
742,7,3,12
742,7,4,29
742,7,5,11
742,7,6,18
742,7,7,0
742,7,8,9
742,7,9,10
743,7,0,99
743,7,1,8
743,7,2,99
743,7,3,9
743,7,4,30
743,7,5,8
743,7,6,14
743,7,7,0
743,7,8,14
743,7,9,15
744,7,0,99
744,7,1,7
744,7,2,17
744,7,3,8
744,7,4,29
744,7,5,8
744,7,6,9
744,7,7,0
744,7,8,6
744,7,9,99
745,7,0,99
745,7,1,5
745,7,2,13
745,7,3,6
745,7,4,99
745,7,5,7
745,7,6,12
745,7,7,0
745,7,8,12
745,7,9,14
746,7,0,99
746,7,1,6
746,7,2,15
746,7,3,17
746,7,4,99
746,7,5,12
746,7,6,20
746,7,7,0
746,7,8,11
746,7,9,21
747,7,0,99
747,7,1,4
747,7,2,23
747,7,3,5
747,7,4,99
747,7,5,8
747,7,6,17
747,7,7,0
747,7,8,8
747,7,9,6
748,7,0,28
748,7,1,5
748,7,2,3
748,7,3,12
748,7,4,12
748,7,5,5
748,7,6,4
748,7,7,0
748,7,8,4
748,7,9,37
749,7,0,99
749,7,1,8
749,7,2,22
749,7,3,2
749,7,4,9
749,7,5,3
749,7,6,11
749,7,7,0
749,7,8,9
749,7,9,5
750,7,0,99
750,7,1,4
750,7,2,5
750,7,3,10
750,7,4,15
750,7,5,8
750,7,6,16
750,7,7,0
750,7,8,12
750,7,9,26
751,7,0,8
751,7,1,7
751,7,2,7
751,7,3,11
751,7,4,15
751,7,5,8
751,7,6,14
751,7,7,0
751,7,8,10
751,7,9,16
752,7,0,99
752,7,1,4
752,7,2,10
752,7,3,10
752,7,4,99
752,7,5,8
752,7,6,14
752,7,7,0
752,7,8,9
752,7,9,20
753,7,0,99
753,7,1,4
753,7,2,29
753,7,3,2
753,7,4,17
753,7,5,2
753,7,6,15
753,7,7,0
753,7,8,8
753,7,9,4
754,7,0,54
754,7,1,12
754,7,2,24
754,7,3,9
754,7,4,99
754,7,5,11
754,7,6,22
754,7,7,0
754,7,8,10
754,7,9,11
755,7,0,20
755,7,1,1
755,7,2,10
755,7,3,6
755,7,4,12
755,7,5,4
755,7,6,10
755,7,7,0
755,7,8,8
755,7,9,5
756,7,0,99
756,7,1,4
756,7,2,99
756,7,3,14
756,7,4,10
756,7,5,6
756,7,6,20
756,7,7,0
756,7,8,6
756,7,9,5
757,8,0,11
757,8,1,4
757,8,2,3
757,8,3,8
757,8,4,14
757,8,5,9
757,8,6,10
757,8,7,9
757,8,8,0
757,8,9,8
758,8,0,19
758,8,1,7
758,8,2,8
758,8,3,6
758,8,4,39
758,8,5,7
758,8,6,10
758,8,7,12
758,8,8,0
758,8,9,4
759,8,0,32
759,8,1,11
759,8,2,11
759,8,3,7
759,8,4,21
759,8,5,9
759,8,6,10
759,8,7,10
759,8,8,0
759,8,9,8
760,8,0,28
760,8,1,13
760,8,2,8
760,8,3,22
760,8,4,31
760,8,5,13
760,8,6,8
760,8,7,21
760,8,8,0
760,8,9,15
761,8,0,10
761,8,1,5
761,8,2,9
761,8,3,1
761,8,4,41
761,8,5,4
761,8,6,6
761,8,7,7
761,8,8,0
761,8,9,5
762,8,0,16
762,8,1,10
762,8,2,12
762,8,3,5
762,8,4,13
762,8,5,6
762,8,6,11
762,8,7,17
762,8,8,0
762,8,9,3
763,8,0,5
763,8,1,6
763,8,2,2
763,8,3,16
763,8,4,12
763,8,5,4
763,8,6,1
763,8,7,10
763,8,8,0
763,8,9,5
764,8,0,28
764,8,1,8
764,8,2,5
764,8,3,6
764,8,4,31
764,8,5,8
764,8,6,14
764,8,7,5
764,8,8,0
764,8,9,9
765,8,0,27
765,8,1,8
765,8,2,6
765,8,3,7
765,8,4,99
765,8,5,8
765,8,6,7
765,8,7,7
765,8,8,0
765,8,9,9
766,8,0,8
766,8,1,5
766,8,2,6
766,8,3,5
766,8,4,34
766,8,5,6
766,8,6,9
766,8,7,30
766,8,8,0
766,8,9,13
767,8,0,14
767,8,1,14
767,8,2,9
767,8,3,11
767,8,4,26
767,8,5,11
767,8,6,10
767,8,7,20
767,8,8,0
767,8,9,4
768,8,0,25
768,8,1,9
768,8,2,10
768,8,3,7
768,8,4,34
768,8,5,9
768,8,6,11
768,8,7,19
768,8,8,0
768,8,9,7
769,8,0,6
769,8,1,15
769,8,2,4
769,8,3,14
769,8,4,22
769,8,5,10
769,8,6,5
769,8,7,17
769,8,8,0
769,8,9,7
770,8,0,6
770,8,1,5
770,8,2,1
770,8,3,8
770,8,4,15
770,8,5,5
770,8,6,4
770,8,7,11
770,8,8,0
770,8,9,8
771,8,0,15
771,8,1,4
771,8,2,10
771,8,3,6
771,8,4,18
771,8,5,3
771,8,6,8
771,8,7,13
771,8,8,0
771,8,9,4
772,8,0,21
772,8,1,3
772,8,2,4
772,8,3,13
772,8,4,99
772,8,5,3
772,8,6,8
772,8,7,36
772,8,8,0
772,8,9,4
773,8,0,16
773,8,1,6
773,8,2,7
773,8,3,5
773,8,4,62
773,8,5,5
773,8,6,15
773,8,7,12
773,8,8,0
773,8,9,5
774,8,0,12
774,8,1,10
774,8,2,3
774,8,3,10
774,8,4,40
774,8,5,8
774,8,6,9
774,8,7,25
774,8,8,0
774,8,9,17
775,8,0,20
775,8,1,6
775,8,2,6
775,8,3,16
775,8,4,15
775,8,5,5
775,8,6,4
775,8,7,11
775,8,8,0
775,8,9,5
776,8,0,24
776,8,1,3
776,8,2,4
776,8,3,4
776,8,4,99
776,8,5,6
776,8,6,14
776,8,7,40
776,8,8,0
776,8,9,4
777,9,0,41
777,9,1,11
777,9,2,17
777,9,3,8
777,9,4,15
777,9,5,8
777,9,6,19
777,9,7,18
777,9,8,14
777,9,9,0
778,9,0,82
778,9,1,5
778,9,2,99
778,9,3,10
778,9,4,15
778,9,5,6
778,9,6,99
778,9,7,12
778,9,8,13
778,9,9,0
779,9,0,12
779,9,1,2
779,9,2,8
779,9,3,5
779,9,4,5
779,9,5,4
779,9,6,21
779,9,7,5
779,9,8,7
779,9,9,0
780,9,0,10
780,9,1,6
780,9,2,9
780,9,3,6
780,9,4,6
780,9,5,4
780,9,6,12
780,9,7,11
780,9,8,11
780,9,9,0
781,9,0,99
781,9,1,7
781,9,2,99
781,9,3,7
781,9,4,8
781,9,5,2
781,9,6,99
781,9,7,20
781,9,8,12
781,9,9,0
782,9,0,99
782,9,1,6
782,9,2,19
782,9,3,11
782,9,4,9
782,9,5,9
782,9,6,99
782,9,7,20
782,9,8,11
782,9,9,0
783,9,0,25
783,9,1,8
783,9,2,31
783,9,3,7
783,9,4,20
783,9,5,8
783,9,6,99
783,9,7,18
783,9,8,13
783,9,9,0
784,9,0,99
784,9,1,5
784,9,2,18
784,9,3,14
784,9,4,10
784,9,5,10
784,9,6,99
784,9,7,12
784,9,8,14
784,9,9,0
785,9,0,99
785,9,1,3
785,9,2,8
785,9,3,10
785,9,4,44
785,9,5,7
785,9,6,99
785,9,7,6
785,9,8,5
785,9,9,0
786,9,0,17
786,9,1,9
786,9,2,18
786,9,3,0
786,9,4,27
786,9,5,5
786,9,6,99
786,9,7,12
786,9,8,5
786,9,9,0
787,9,0,99
787,9,1,8
787,9,2,18
787,9,3,6
787,9,4,13
787,9,5,6
787,9,6,46
787,9,7,9
787,9,8,7
787,9,9,0
788,9,0,43
788,9,1,7
788,9,2,14
788,9,3,4
788,9,4,27
788,9,5,7
788,9,6,22
788,9,7,19
788,9,8,6
788,9,9,0
789,9,0,20
789,9,1,2
789,9,2,99
789,9,3,11
789,9,4,4
789,9,5,5
789,9,6,99
789,9,7,2
789,9,8,11
789,9,9,0
790,9,0,23
790,9,1,7
790,9,2,47
790,9,3,3
790,9,4,15
790,9,5,3
790,9,6,15
790,9,7,11
790,9,8,12
790,9,9,0
791,9,0,22
791,9,1,5
791,9,2,18
791,9,3,10
791,9,4,9
791,9,5,7
791,9,6,27
791,9,7,10
791,9,8,8
791,9,9,0
792,9,0,99
792,9,1,7
792,9,2,21
792,9,3,12
792,9,4,13
792,9,5,6
792,9,6,99
792,9,7,14
792,9,8,8
792,9,9,0
793,9,0,4
793,9,1,9
793,9,2,6
793,9,3,22
793,9,4,9
793,9,5,2
793,9,6,9
793,9,7,99
793,9,8,5
793,9,9,0
794,9,0,12
794,9,1,6
794,9,2,7
794,9,3,10
794,9,4,2
794,9,5,3
794,9,6,11
794,9,7,3
794,9,8,5
794,9,9,0
795,9,0,9
795,9,1,5
795,9,2,8
795,9,3,10
795,9,4,7
795,9,5,2
795,9,6,99
795,9,7,9
795,9,8,16
795,9,9,0
796,0,0,0
796,0,1,16
796,0,2,10
796,0,3,99
796,0,4,8
796,0,5,5
796,0,6,99
796,0,7,99
796,0,8,11
796,0,9,99
797,0,0,0
797,0,1,18
797,0,2,11
797,0,3,99
797,0,4,14
797,0,5,7
797,0,6,99
797,0,7,99
797,0,8,13
797,0,9,99
798,0,0,0
798,0,1,19
798,0,2,17
798,0,3,99
798,0,4,13
798,0,5,9
798,0,6,99
798,0,7,99
798,0,8,11
798,0,9,5
799,0,0,0
799,0,1,99
799,0,2,12
799,0,3,99
799,0,4,9
799,0,5,8
799,0,6,99
799,0,7,99
799,0,8,20
799,0,9,8
800,0,0,0
800,0,1,18
800,0,2,8
800,0,3,16
800,0,4,9
800,0,5,3
800,0,6,7
800,0,7,17
800,0,8,9
800,0,9,48
801,0,0,0
801,0,1,11
801,0,2,12
801,0,3,99
801,0,4,9
801,0,5,9
801,0,6,99
801,0,7,99
801,0,8,15
801,0,9,9
802,0,0,0
802,0,1,99
802,0,2,12
802,0,3,99
802,0,4,12
802,0,5,5
802,0,6,99
802,0,7,99
802,0,8,9
802,0,9,13
803,0,0,0
803,0,1,21
803,0,2,17
803,0,3,99
803,0,4,16
803,0,5,8
803,0,6,17
803,0,7,99
803,0,8,14
803,0,9,5
804,0,0,0
804,0,1,16
804,0,2,5
804,0,3,99
804,0,4,5
804,0,5,5
804,0,6,99
804,0,7,99
804,0,8,12
804,0,9,17
805,0,0,0
805,0,1,99
805,0,2,10
805,0,3,99
805,0,4,13
805,0,5,10
805,0,6,25
805,0,7,99
805,0,8,11
805,0,9,13
806,0,0,0
806,0,1,17
806,0,2,12
806,0,3,99
806,0,4,12
806,0,5,5
806,0,6,99
806,0,7,99
806,0,8,9
806,0,9,5
807,0,0,0
807,0,1,6
807,0,2,3
807,0,3,11
807,0,4,0
807,0,5,1
807,0,6,6
807,0,7,21
807,0,8,8
807,0,9,1
808,0,0,0
808,0,1,99
808,0,2,13
808,0,3,99
808,0,4,13
808,0,5,8
808,0,6,27
808,0,7,99
808,0,8,12
808,0,9,8
809,0,0,0
809,0,1,99
809,0,2,12
809,0,3,99
809,0,4,10
809,0,5,7
809,0,6,30
809,0,7,99
809,0,8,14
809,0,9,99
810,0,0,0
810,0,1,9
810,0,2,9
810,0,3,99
810,0,4,8
810,0,5,7
810,0,6,23
810,0,7,18
810,0,8,13
810,0,9,8
811,0,0,0
811,0,1,99
811,0,2,9
811,0,3,99
811,0,4,9
811,0,5,5
811,0,6,99
811,0,7,99
811,0,8,7
811,0,9,99
812,0,0,0
812,0,1,99
812,0,2,13
812,0,3,99
812,0,4,15
812,0,5,6
812,0,6,22
812,0,7,99
812,0,8,14
812,0,9,6
813,0,0,0
813,0,1,99
813,0,2,14
813,0,3,99
813,0,4,11
813,0,5,7
813,0,6,15
813,0,7,99
813,0,8,10
813,0,9,11
814,0,0,0
814,0,1,99
814,0,2,11
814,0,3,48
814,0,4,10
814,0,5,7
814,0,6,11
814,0,7,99
814,0,8,17
814,0,9,7
815,0,0,0
815,0,1,16
815,0,2,12
815,0,3,99
815,0,4,11
815,0,5,7
815,0,6,13
815,0,7,99
815,0,8,11
815,0,9,8
816,0,0,0
816,0,1,13
816,0,2,15
816,0,3,99
816,0,4,15
816,0,5,7
816,0,6,99
816,0,7,99
816,0,8,12
816,0,9,6
817,0,0,0
817,0,1,13
817,0,2,7
817,0,3,99
817,0,4,6
817,0,5,8
817,0,6,99
817,0,7,99
817,0,8,9
817,0,9,99
818,0,0,0
818,0,1,22
818,0,2,13
818,0,3,99
818,0,4,12
818,0,5,10
818,0,6,17
818,0,7,99
818,0,8,12
818,0,9,13
819,0,0,0
819,0,1,16
819,0,2,12
819,0,3,13
819,0,4,9
819,0,5,6
819,0,6,8
819,0,7,99
819,0,8,8
819,0,9,5
820,0,0,0
820,0,1,15
820,0,2,11
820,0,3,99
820,0,4,10
820,0,5,4
820,0,6,99
820,0,7,99
820,0,8,11
820,0,9,3
821,0,0,0
821,0,1,13
821,0,2,11
821,0,3,99
821,0,4,35
821,0,5,6
821,0,6,36
821,0,7,99
821,0,8,13
821,0,9,99
822,0,0,0
822,0,1,20
822,0,2,12
822,0,3,99
822,0,4,9
822,0,5,7
822,0,6,99
822,0,7,99
822,0,8,10
822,0,9,17
823,0,0,0
823,0,1,15
823,0,2,12
823,0,3,99
823,0,4,10
823,0,5,6
823,0,6,11
823,0,7,99
823,0,8,8
823,0,9,7
824,0,0,0
824,0,1,15
824,0,2,14
824,0,3,99
824,0,4,15
824,0,5,7
824,0,6,13
824,0,7,99
824,0,8,12
824,0,9,99
825,0,0,0
825,0,1,17
825,0,2,10
825,0,3,99
825,0,4,9
825,0,5,5
825,0,6,9
825,0,7,99
825,0,8,12
825,0,9,5
826,0,0,0
826,0,1,18
826,0,2,13
826,0,3,99
826,0,4,12
826,0,5,8
826,0,6,19
826,0,7,99
826,0,8,13
826,0,9,8
827,0,0,0
827,0,1,17
827,0,2,8
827,0,3,99
827,0,4,8
827,0,5,5
827,0,6,11
827,0,7,99
827,0,8,7
827,0,9,9
828,0,0,0
828,0,1,99
828,0,2,10
828,0,3,99
828,0,4,10
828,0,5,5
828,0,6,99
828,0,7,99
828,0,8,12
828,0,9,4
829,0,0,0
829,0,1,99
829,0,2,13
829,0,3,99
829,0,4,12
829,0,5,11
829,0,6,99
829,0,7,99
829,0,8,16
829,0,9,99
830,0,0,0
830,0,1,23
830,0,2,13
830,0,3,99
830,0,4,12
830,0,5,8
830,0,6,99
830,0,7,99
830,0,8,20
830,0,9,99
831,0,0,0
831,0,1,99
831,0,2,12
831,0,3,99
831,0,4,13
831,0,5,8
831,0,6,99
831,0,7,99
831,0,8,12
831,0,9,99
832,0,0,0
832,0,1,25
832,0,2,8
832,0,3,99
832,0,4,9
832,0,5,6
832,0,6,22
832,0,7,99
832,0,8,9
832,0,9,99
833,0,0,0
833,0,1,9
833,0,2,13
833,0,3,99
833,0,4,8
833,0,5,6
833,0,6,14
833,0,7,99
833,0,8,16
833,0,9,6
834,0,0,0
834,0,1,99
834,0,2,8
834,0,3,15
834,0,4,15
834,0,5,6
834,0,6,99
834,0,7,15
834,0,8,9
834,0,9,18
835,0,0,0
835,0,1,99
835,0,2,14
835,0,3,99
835,0,4,15
835,0,5,8
835,0,6,99
835,0,7,99
835,0,8,11
835,0,9,15
836,0,0,0
836,0,1,10
836,0,2,8
836,0,3,99
836,0,4,5
836,0,5,2
836,0,6,4
836,0,7,99
836,0,8,7
836,0,9,2
837,1,0,12
837,1,1,0
837,1,2,10
837,1,3,4
837,1,4,13
837,1,5,4
837,1,6,23
837,1,7,3
837,1,8,7
837,1,9,5
838,1,0,20
838,1,1,0
838,1,2,4
838,1,3,15
838,1,4,11
838,1,5,10
838,1,6,10
838,1,7,3
838,1,8,5
838,1,9,21
839,1,0,8
839,1,1,0
839,1,2,7
839,1,3,12
839,1,4,15
839,1,5,6
839,1,6,15
839,1,7,9
839,1,8,17
839,1,9,10
840,1,0,99
840,1,1,0
840,1,2,7
840,1,3,13
840,1,4,7
840,1,5,6
840,1,6,99
840,1,7,8
840,1,8,10
840,1,9,8
841,1,0,8
841,1,1,0
841,1,2,7
841,1,3,9
841,1,4,12
841,1,5,8
841,1,6,16
841,1,7,6
841,1,8,7
841,1,9,7
842,1,0,19
842,1,1,0
842,1,2,6
842,1,3,18
842,1,4,27
842,1,5,10
842,1,6,26
842,1,7,6
842,1,8,8
842,1,9,14
843,1,0,21
843,1,1,0
843,1,2,3
843,1,3,12
843,1,4,20
843,1,5,4
843,1,6,17
843,1,7,3
843,1,8,13
843,1,9,7
844,1,0,9
844,1,1,0
844,1,2,11
844,1,3,12
844,1,4,7
844,1,5,12
844,1,6,24
844,1,7,13
844,1,8,9
844,1,9,9
845,1,0,18
845,1,1,0
845,1,2,7
845,1,3,21
845,1,4,13
845,1,5,9
845,1,6,16
845,1,7,7
845,1,8,8
845,1,9,11
846,1,0,35
846,1,1,0
846,1,2,11
846,1,3,11
846,1,4,38
846,1,5,11
846,1,6,23
846,1,7,10
846,1,8,21
846,1,9,17
847,1,0,99
847,1,1,0
847,1,2,13
847,1,3,8
847,1,4,99
847,1,5,3
847,1,6,99
847,1,7,5
847,1,8,13
847,1,9,13
848,1,0,33
848,1,1,0
848,1,2,21
848,1,3,13
848,1,4,9
848,1,5,14
848,1,6,27
848,1,7,15
848,1,8,12
848,1,9,11
849,1,0,7
849,1,1,0
849,1,2,5
849,1,3,12
849,1,4,11
849,1,5,6
849,1,6,12
849,1,7,5
849,1,8,10
849,1,9,9
850,1,0,99
850,1,1,0
850,1,2,6
850,1,3,4
850,1,4,10
850,1,5,5
850,1,6,11
850,1,7,6
850,1,8,6
850,1,9,4
851,1,0,17
851,1,1,0
851,1,2,14
851,1,3,8
851,1,4,6
851,1,5,9
851,1,6,12
851,1,7,5
851,1,8,9
851,1,9,8
852,1,0,32
852,1,1,0
852,1,2,17
852,1,3,11
852,1,4,6
852,1,5,11
852,1,6,20
852,1,7,33
852,1,8,14
852,1,9,8
853,1,0,99
853,1,1,0
853,1,2,10
853,1,3,16
853,1,4,91
853,1,5,5
853,1,6,18
853,1,7,8
853,1,8,20
853,1,9,21
854,1,0,26
854,1,1,0
854,1,2,6
854,1,3,17
854,1,4,50
854,1,5,10
854,1,6,21
854,1,7,6
854,1,8,6
854,1,9,10
855,1,0,14
855,1,1,0
855,1,2,11
855,1,3,9
855,1,4,48
855,1,5,11
855,1,6,24
855,1,7,6
855,1,8,20
855,1,9,16
856,1,0,25
856,1,1,0
856,1,2,23
856,1,3,14
856,1,4,15
856,1,5,19
856,1,6,28
856,1,7,21
856,1,8,11
856,1,9,11
857,1,0,99
857,1,1,0
857,1,2,11
857,1,3,14
857,1,4,20
857,1,5,11
857,1,6,31
857,1,7,5
857,1,8,14
857,1,9,10
858,1,0,99
858,1,1,0
858,1,2,5
858,1,3,7
858,1,4,15
858,1,5,7
858,1,6,20
858,1,7,3
858,1,8,13
858,1,9,10
859,1,0,32
859,1,1,0
859,1,2,12
859,1,3,14
859,1,4,6
859,1,5,11
859,1,6,14
859,1,7,4
859,1,8,6
859,1,9,9
860,1,0,21
860,1,1,0
860,1,2,19
860,1,3,15
860,1,4,8
860,1,5,12
860,1,6,18
860,1,7,14
860,1,8,20
860,1,9,12
861,1,0,99
861,1,1,0
861,1,2,12
861,1,3,7
861,1,4,21
861,1,5,9
861,1,6,27
861,1,7,11
861,1,8,12
861,1,9,7
862,1,0,25
862,1,1,0
862,1,2,8
862,1,3,22
862,1,4,7
862,1,5,9
862,1,6,14
862,1,7,8
862,1,8,18
862,1,9,18
863,1,0,9
863,1,1,0
863,1,2,5
863,1,3,3
